query_id,prediction,predictor,params
301,1.6521273125204075,UEFClarity,100
302,-0.21281369669349778,UEFClarity,100
303,2.381110298780642,UEFClarity,100
304,0.019773229808266207,UEFClarity,100
305,1.5494642265746446,UEFClarity,100
306,0.57256211345265,UEFClarity,100
307,0.400398088393471,UEFClarity,100
308,1.1309997081479706,UEFClarity,100
309,1.6405018060690926,UEFClarity,100
310,0.7519779478985381,UEFClarity,100
311,-0.13247520999414006,UEFClarity,100
312,0.3773324469669054,UEFClarity,100
313,2.7984215367887644,UEFClarity,100
314,-0.1986214811495862,UEFClarity,100
315,0.7861526018569185,UEFClarity,100
316,-0.18983235429411466,UEFClarity,100
317,2.0335285670528958,UEFClarity,100
318,0.6084506962586315,UEFClarity,100
319,-0.05161353370470174,UEFClarity,100
320,1.7618493081357767,UEFClarity,100
321,2.0021753107252143,UEFClarity,100
322,0.9062828797026449,UEFClarity,100
323,0.5216666266739511,UEFClarity,100
324,2.065797254074141,UEFClarity,100
325,0.7962788279981236,UEFClarity,100
326,1.6711980941765487,UEFClarity,100
327,0.44915129789460645,UEFClarity,100
328,1.1471769306225539,UEFClarity,100
329,0.2155751820117093,UEFClarity,100
330,0.9678394974608557,UEFClarity,100
331,0.6163005275376354,UEFClarity,100
332,0.05809534996158601,UEFClarity,100
333,1.0606860027594818,UEFClarity,100
334,0.36320765772480357,UEFClarity,100
335,1.7107379826474056,UEFClarity,100
336,1.4263386364709436,UEFClarity,100
337,1.3928262731157923,UEFClarity,100
338,1.8090990662663227,UEFClarity,100
339,2.209202862038543,UEFClarity,100
340,0.01551566118335394,UEFClarity,100
341,0.9274223443441288,UEFClarity,100
342,0.9251283446277714,UEFClarity,100
343,-0.07630302962043634,UEFClarity,100
344,0.6486062413436818,UEFClarity,100
345,0.5474603570599984,UEFClarity,100
346,-0.10324820716039636,UEFClarity,100
347,-0.426860740467554,UEFClarity,100
348,-0.14751834492931112,UEFClarity,100
349,-0.0436416184558122,UEFClarity,100
350,1.0804955091382156,UEFClarity,100
351,3.083958672612488,UEFClarity,100
352,1.0535421944083438,UEFClarity,100
353,2.514713424949659,UEFClarity,100
354,0.8827554706542149,UEFClarity,100
355,0.0049776902800258635,UEFClarity,100
356,1.8973108514208836,UEFClarity,100
357,0.7444202752526576,UEFClarity,100
358,0.6536472199239548,UEFClarity,100
359,1.83787751661255,UEFClarity,100
360,1.3855081559013025,UEFClarity,100
361,1.5148552183836295,UEFClarity,100
362,0.15702139214027144,UEFClarity,100
363,0.07217316386799918,UEFClarity,100
364,2.3327079514449514,UEFClarity,100
365,0.7312262368994565,UEFClarity,100
366,1.097027245635263,UEFClarity,100
367,0.7170067119433632,UEFClarity,100
368,1.0746740544739815,UEFClarity,100
369,0.24956943003177792,UEFClarity,100
370,0.029129477136419377,UEFClarity,100
371,0.7225531338485959,UEFClarity,100
372,2.2013204327233047,UEFClarity,100
373,0.6750182619944511,UEFClarity,100
374,2.181649723667267,UEFClarity,100
375,1.127842258526993,UEFClarity,100
376,-0.12619587876989138,UEFClarity,100
377,0.7065292157695525,UEFClarity,100
378,0.6505721944140704,UEFClarity,100
379,-0.15608347789504068,UEFClarity,100
380,0.8491600642399425,UEFClarity,100
381,-0.12823488166315974,UEFClarity,100
382,1.3719421817797215,UEFClarity,100
383,0.9111547948876506,UEFClarity,100
384,1.1162682423635968,UEFClarity,100
385,1.271838111429548,UEFClarity,100
386,0.8296184360850011,UEFClarity,100
387,0.10381316595895451,UEFClarity,100
388,0.7184136942354815,UEFClarity,100
389,0.20602954267744417,UEFClarity,100
390,1.477594811018346,UEFClarity,100
391,1.2384965002965584,UEFClarity,100
392,2.0688525926747174,UEFClarity,100
393,0.6591890757834957,UEFClarity,100
394,0.005665295816629569,UEFClarity,100
395,1.2158863601537635,UEFClarity,100
396,1.9768155484356493,UEFClarity,100
397,1.8897377458281033,UEFClarity,100
398,-0.4253811615183168,UEFClarity,100
399,0.09946851150009779,UEFClarity,100
400,2.125676759842703,UEFClarity,100
401,1.132834706531441,UEFClarity,100
402,0.3341906163864765,UEFClarity,100
403,2.49844249672288,UEFClarity,100
404,0.6648491801389896,UEFClarity,100
405,1.7709037496337856,UEFClarity,100
406,0.63659111673968,UEFClarity,100
407,0.26759128414417804,UEFClarity,100
408,1.0133225678603774,UEFClarity,100
409,-1.0686581148777003,UEFClarity,100
410,0.7309489195769941,UEFClarity,100
411,1.2709191493738528,UEFClarity,100
412,0.9274223443441288,UEFClarity,100
413,-0.10889105806202598,UEFClarity,100
414,0.9909530145380203,UEFClarity,100
415,0.605018717372871,UEFClarity,100
416,2.400734505083999,UEFClarity,100
417,2.609476920692258,UEFClarity,100
418,0.9302217846220968,UEFClarity,100
419,2.002886947686412,UEFClarity,100
420,-0.13716805185649392,UEFClarity,100
421,0.16733712574569512,UEFClarity,100
422,1.2549586194014744,UEFClarity,100
423,0.7013175713917794,UEFClarity,100
424,0.796071633912299,UEFClarity,100
425,1.6771597276342125,UEFClarity,100
426,1.9211497117965193,UEFClarity,100
427,1.8386205724695146,UEFClarity,100
428,1.1481604442335205,UEFClarity,100
429,1.4816698975926637,UEFClarity,100
430,2.0708658521834318,UEFClarity,100
431,1.4909223319279348,UEFClarity,100
432,0.6369990329369886,UEFClarity,100
433,1.0863875514889803,UEFClarity,100
434,1.8558374980409102,UEFClarity,100
435,0.9197590892105479,UEFClarity,100
436,1.6107950948360126,UEFClarity,100
437,0.8428540929741286,UEFClarity,100
438,0.5133065747260807,UEFClarity,100
439,0.6843459712018298,UEFClarity,100
440,-0.11979332087671028,UEFClarity,100
441,0.9018559487079898,UEFClarity,100
442,0.71370935619266,UEFClarity,100
443,1.3730459113739422,UEFClarity,100
444,1.101158535051448,UEFClarity,100
445,2.7613770879289223,UEFClarity,100
446,1.623285133686059,UEFClarity,100
447,0.7735072450430136,UEFClarity,100
448,1.2387601930866161,UEFClarity,100
449,0.7334088734898165,UEFClarity,100
450,0.6979037011636658,UEFClarity,100
601,0.9765043347119408,UEFClarity,100
602,1.6890465103503944,UEFClarity,100
603,2.139467520274305,UEFClarity,100
604,1.0536993419681902,UEFClarity,100
605,1.1916423516803831,UEFClarity,100
606,1.236073764465658,UEFClarity,100
607,1.2149706177290394,UEFClarity,100
608,0.3196562592565515,UEFClarity,100
609,1.5869936299115597,UEFClarity,100
610,-1.6423773023775776,UEFClarity,100
611,0.18365603387990395,UEFClarity,100
612,2.282305884562971,UEFClarity,100
613,1.904501947964259,UEFClarity,100
614,1.3768267566416872,UEFClarity,100
615,2.3624051152848553,UEFClarity,100
616,1.0308970777200803,UEFClarity,100
617,0.606931782668597,UEFClarity,100
618,2.1929449695676437,UEFClarity,100
619,0.029837842788205456,UEFClarity,100
620,1.7687926965372938,UEFClarity,100
621,3.111009270513835,UEFClarity,100
622,-0.17730492646331308,UEFClarity,100
623,1.2431612490426769,UEFClarity,100
624,0.9621177884742956,UEFClarity,100
625,1.3575390938783485,UEFClarity,100
626,0.20336393825711765,UEFClarity,100
627,-0.20237009260562672,UEFClarity,100
628,0.8632175237806905,UEFClarity,100
629,0.6019378000492231,UEFClarity,100
630,-0.11554980406613204,UEFClarity,100
631,0.06114900632861781,UEFClarity,100
632,2.059118171509838,UEFClarity,100
633,0.7385490552046807,UEFClarity,100
634,2.3472783022302113,UEFClarity,100
635,1.7184075771861247,UEFClarity,100
636,0.6690830021522641,UEFClarity,100
637,1.8431077132163913,UEFClarity,100
638,0.7991337098525773,UEFClarity,100
639,1.5368396946953036,UEFClarity,100
640,1.7086441996875392,UEFClarity,100
641,-0.14265344050627723,UEFClarity,100
642,0.8061896702011342,UEFClarity,100
643,0.9859152746904892,UEFClarity,100
644,1.6807686829258224,UEFClarity,100
645,1.48878842407979,UEFClarity,100
646,1.2381444107377073,UEFClarity,100
647,2.2860540776671305,UEFClarity,100
648,1.4058926229333937,UEFClarity,100
649,2.767720005471146,UEFClarity,100
650,0.8375825042618655,UEFClarity,100
651,1.4989558470380637,UEFClarity,100
652,0.8362808639296025,UEFClarity,100
653,3.0094454010439766,UEFClarity,100
654,0.7010985555518084,UEFClarity,100
655,0.8296607293865454,UEFClarity,100
656,1.6066699985193058,UEFClarity,100
657,0.8529498713158141,UEFClarity,100
658,0.2580959895277246,UEFClarity,100
659,1.133253130113879,UEFClarity,100
660,1.240557793948414,UEFClarity,100
661,1.7300773952375177,UEFClarity,100
662,0.9539188502722613,UEFClarity,100
663,0.5288533411394513,UEFClarity,100
664,0.40608696156881,UEFClarity,100
665,1.3839289219022852,UEFClarity,100
666,1.342809054954874,UEFClarity,100
667,1.5832871695931414,UEFClarity,100
668,1.1068798215584168,UEFClarity,100
669,0.010078810458779557,UEFClarity,100
670,0.21481703418441345,UEFClarity,100
671,0.6467097843814087,UEFClarity,100
672,-0.1756797058095294,UEFClarity,100
673,2.1461052932194837,UEFClarity,100
674,2.336028566588922,UEFClarity,100
675,1.2000525165611307,UEFClarity,100
676,1.9571819602439946,UEFClarity,100
677,0.7989540471650721,UEFClarity,100
678,0.8115150729491594,UEFClarity,100
679,1.2336709919104447,UEFClarity,100
680,1.5858532518386868,UEFClarity,100
681,2.330883874341258,UEFClarity,100
682,1.2120234180149128,UEFClarity,100
683,2.221253779772056,UEFClarity,100
684,0.2922489005370573,UEFClarity,100
685,1.277326292800388,UEFClarity,100
686,1.2555248965964365,UEFClarity,100
687,1.7121200835772175,UEFClarity,100
688,0.0589367326729733,UEFClarity,100
689,0.5071425968309584,UEFClarity,100
690,0.5684995195897679,UEFClarity,100
691,0.9157934124851166,UEFClarity,100
692,-0.44550426926240305,UEFClarity,100
693,1.2158828241015036,UEFClarity,100
694,0.6349149869166905,UEFClarity,100
695,0.35671093520575803,UEFClarity,100
696,0.9155424251469656,UEFClarity,100
697,0.6247526334963277,UEFClarity,100
698,0.4075008360962128,UEFClarity,100
699,1.28997221550976,UEFClarity,100
700,0.4478103158224178,UEFClarity,100
301,1.6630481013675786,UEFClarity,200
302,-0.30711975943300107,UEFClarity,200
303,2.1322944009045903,UEFClarity,200
304,-0.07581572793716526,UEFClarity,200
305,0.8656257596006958,UEFClarity,200
306,0.8561251515328963,UEFClarity,200
307,0.8366758150709523,UEFClarity,200
308,1.3263861036575912,UEFClarity,200
309,0.9262686502631103,UEFClarity,200
310,0.8965420064213002,UEFClarity,200
311,-0.20617858805464775,UEFClarity,200
312,0.7735496230382655,UEFClarity,200
313,2.4824063262940896,UEFClarity,200
314,0.10565170878495175,UEFClarity,200
315,0.7992466065832573,UEFClarity,200
316,0.10232184353922102,UEFClarity,200
317,2.0042355221047607,UEFClarity,200
318,0.7022647113965456,UEFClarity,200
319,0.5871540082098283,UEFClarity,200
320,2.1051349380625943,UEFClarity,200
321,1.6571936914940937,UEFClarity,200
322,0.6190807454003684,UEFClarity,200
323,0.5881147976486091,UEFClarity,200
324,2.6585337599976375,UEFClarity,200
325,0.41927064741939857,UEFClarity,200
326,1.3846732810731268,UEFClarity,200
327,0.4030195722502096,UEFClarity,200
328,1.0332050382198783,UEFClarity,200
329,0.39212873600792053,UEFClarity,200
330,1.2013986385950648,UEFClarity,200
331,0.6852562314412213,UEFClarity,200
332,0.4259068676219289,UEFClarity,200
333,1.2811467599336566,UEFClarity,200
334,0.02443867449784328,UEFClarity,200
335,1.5884446265387937,UEFClarity,200
336,1.5758558876296271,UEFClarity,200
337,0.7812415373694788,UEFClarity,200
338,1.1070715104938547,UEFClarity,200
339,1.3710835816870426,UEFClarity,200
340,-0.3880895323694323,UEFClarity,200
341,0.9664647415353471,UEFClarity,200
342,1.4850544625198079,UEFClarity,200
343,0.14579015467384449,UEFClarity,200
344,0.7086804975670756,UEFClarity,200
345,0.4496237604324186,UEFClarity,200
346,0.005437337585620004,UEFClarity,200
347,-0.5744259600507244,UEFClarity,200
348,0.35325529601624067,UEFClarity,200
349,-0.09867699783712065,UEFClarity,200
350,1.0778926647491562,UEFClarity,200
351,2.5076353742155004,UEFClarity,200
352,0.7674000950606331,UEFClarity,200
353,2.297885497699406,UEFClarity,200
354,1.1007904286776267,UEFClarity,200
355,-0.125077814426318,UEFClarity,200
356,1.504144578616234,UEFClarity,200
357,-0.047649875554766526,UEFClarity,200
358,0.7346017511474771,UEFClarity,200
359,1.5462762369919736,UEFClarity,200
360,0.4783874132117195,UEFClarity,200
361,0.6840152742177243,UEFClarity,200
362,0.3000927123839464,UEFClarity,200
363,0.4951258428491877,UEFClarity,200
364,1.4002140213252614,UEFClarity,200
365,0.9532101386909193,UEFClarity,200
366,0.31824535811790305,UEFClarity,200
367,1.4315340112099162,UEFClarity,200
368,0.8682283464983909,UEFClarity,200
369,0.24039379472036695,UEFClarity,200
370,0.5706962023267632,UEFClarity,200
371,0.945258629119875,UEFClarity,200
372,1.9214971704180113,UEFClarity,200
373,0.8438885736918477,UEFClarity,200
374,2.241015448323906,UEFClarity,200
375,0.7163825113406963,UEFClarity,200
376,0.7905431821808868,UEFClarity,200
377,0.8746936205516587,UEFClarity,200
378,0.4401726688205292,UEFClarity,200
379,1.0687291609338296,UEFClarity,200
380,0.7166361510209122,UEFClarity,200
381,0.15321760695548012,UEFClarity,200
382,1.7178097642769186,UEFClarity,200
383,1.4111826774956617,UEFClarity,200
384,0.9528499587677939,UEFClarity,200
385,1.4081841390357699,UEFClarity,200
386,1.314126766117003,UEFClarity,200
387,0.6415070227417818,UEFClarity,200
388,0.8395311940238854,UEFClarity,200
389,0.36251702172097766,UEFClarity,200
390,1.0676942335761286,UEFClarity,200
391,1.1857393426713303,UEFClarity,200
392,3.4395709060271775,UEFClarity,200
393,0.17658018696085567,UEFClarity,200
394,0.39341772326698693,UEFClarity,200
395,0.9858148326066324,UEFClarity,200
396,1.1674135925674094,UEFClarity,200
397,0.7194057544002282,UEFClarity,200
398,-0.28532850318521047,UEFClarity,200
399,0.4954515437103373,UEFClarity,200
400,1.9004859402769378,UEFClarity,200
401,0.39216112703640155,UEFClarity,200
402,1.0285683640512895,UEFClarity,200
403,1.4995110703457986,UEFClarity,200
404,0.06614840290195106,UEFClarity,200
405,1.7026715908050993,UEFClarity,200
406,0.6628298065383378,UEFClarity,200
407,0.2576324026411127,UEFClarity,200
408,0.821963484676132,UEFClarity,200
409,-0.39083540444849857,UEFClarity,200
410,0.7325086339756101,UEFClarity,200
411,1.4424667508628264,UEFClarity,200
412,0.9664647415353471,UEFClarity,200
413,0.7712682449065952,UEFClarity,200
414,0.9642693571022609,UEFClarity,200
415,0.5869804729675614,UEFClarity,200
416,1.5085945384997337,UEFClarity,200
417,1.1966781542181562,UEFClarity,200
418,0.00878003884528561,UEFClarity,200
419,1.2708009779223475,UEFClarity,200
420,0.03012354726662847,UEFClarity,200
421,0.7282562070870969,UEFClarity,200
422,1.2071377854739451,UEFClarity,200
423,0.7353012162097313,UEFClarity,200
424,0.7220804795631668,UEFClarity,200
425,1.1437123821754034,UEFClarity,200
426,0.9110791892759548,UEFClarity,200
427,1.367122872433221,UEFClarity,200
428,1.1140705897396148,UEFClarity,200
429,0.7740779881329143,UEFClarity,200
430,1.3856007056189779,UEFClarity,200
431,1.170390168232356,UEFClarity,200
432,0.7977144809027117,UEFClarity,200
433,0.879882238174246,UEFClarity,200
434,1.9130225681570063,UEFClarity,200
435,1.299370662690982,UEFClarity,200
436,1.4336649151872825,UEFClarity,200
437,0.7179822056501127,UEFClarity,200
438,0.8043484813298043,UEFClarity,200
439,0.4388812899329641,UEFClarity,200
440,0.4753594048589305,UEFClarity,200
441,0.7522058922514375,UEFClarity,200
442,0.84793208941442,UEFClarity,200
443,1.0154653762185317,UEFClarity,200
444,1.0189412961864626,UEFClarity,200
445,1.9420165099937081,UEFClarity,200
446,1.649995991416254,UEFClarity,200
447,0.8652631833189978,UEFClarity,200
448,1.1546206580912022,UEFClarity,200
449,0.510993210835896,UEFClarity,200
450,0.9827012669091866,UEFClarity,200
601,0.9608071576143332,UEFClarity,200
602,1.6265108119155829,UEFClarity,200
603,1.8058143480227293,UEFClarity,200
604,1.0311075696034566,UEFClarity,200
605,0.8191567305688118,UEFClarity,200
606,0.5671119032290404,UEFClarity,200
607,1.34691650874455,UEFClarity,200
608,0.45573479187129035,UEFClarity,200
609,1.7848302491537331,UEFClarity,200
610,0.9740151698356223,UEFClarity,200
611,0.5218772164331889,UEFClarity,200
612,2.101431584381755,UEFClarity,200
613,1.071872949638585,UEFClarity,200
614,0.3419384631161414,UEFClarity,200
615,0.4984214283283811,UEFClarity,200
616,0.7374584169198478,UEFClarity,200
617,1.1188766456495702,UEFClarity,200
618,2.501143144440046,UEFClarity,200
619,-0.3906525706550059,UEFClarity,200
620,1.7440608865211713,UEFClarity,200
621,2.7481708241065355,UEFClarity,200
622,-0.2112742104101734,UEFClarity,200
623,1.30898304337529,UEFClarity,200
624,1.0978194486638415,UEFClarity,200
625,1.0030732890295957,UEFClarity,200
626,-0.04459759652027884,UEFClarity,200
627,0.25853960873045756,UEFClarity,200
628,1.2161053981775465,UEFClarity,200
629,0.6398974804442857,UEFClarity,200
630,0.9734146784590778,UEFClarity,200
631,0.2628924526131363,UEFClarity,200
632,1.311969161194136,UEFClarity,200
633,0.8920855075310453,UEFClarity,200
634,1.4950574454137566,UEFClarity,200
635,0.5753762889874153,UEFClarity,200
636,0.29618987950496,UEFClarity,200
637,0.669912135941176,UEFClarity,200
638,0.724940126027107,UEFClarity,200
639,1.0173210028825643,UEFClarity,200
640,1.2953167020788985,UEFClarity,200
641,-0.6601181652003332,UEFClarity,200
642,1.5832464456540951,UEFClarity,200
643,1.5101570005310556,UEFClarity,200
644,0.773611676669849,UEFClarity,200
645,2.014640597310601,UEFClarity,200
646,1.4229609498283353,UEFClarity,200
647,1.0887684127417914,UEFClarity,200
648,1.0078519728208704,UEFClarity,200
649,2.321408094022275,UEFClarity,200
650,0.475931703116619,UEFClarity,200
651,0.9821298927050008,UEFClarity,200
652,1.2095004766104753,UEFClarity,200
653,2.6697950116443576,UEFClarity,200
654,0.0570000958058084,UEFClarity,200
655,0.2236778913786859,UEFClarity,200
656,1.622038591928085,UEFClarity,200
657,0.33157778014885864,UEFClarity,200
658,0.4822510290543401,UEFClarity,200
659,1.0641049336434945,UEFClarity,200
660,1.518560578406734,UEFClarity,200
661,1.2788401716904272,UEFClarity,200
662,0.7126427546919964,UEFClarity,200
663,0.9050681157592058,UEFClarity,200
664,0.6614148372693788,UEFClarity,200
665,1.5467943061148575,UEFClarity,200
666,0.9142271957113565,UEFClarity,200
667,1.167919858670783,UEFClarity,200
668,0.9213190177464591,UEFClarity,200
669,1.4227342509867367,UEFClarity,200
670,0.5357845286830976,UEFClarity,200
671,-0.12215796559198557,UEFClarity,200
672,-0.20828608778414087,UEFClarity,200
673,1.985335182306291,UEFClarity,200
674,1.6079111416980716,UEFClarity,200
675,1.3951641086779403,UEFClarity,200
676,0.14136693702817374,UEFClarity,200
677,0.35097906089379255,UEFClarity,200
678,1.335595673766169,UEFClarity,200
679,1.1879399503024015,UEFClarity,200
680,1.7515563664106022,UEFClarity,200
681,1.8033405766386068,UEFClarity,200
682,0.5856079030339861,UEFClarity,200
683,1.8162192267140524,UEFClarity,200
684,0.08846481036064796,UEFClarity,200
685,1.644061495834739,UEFClarity,200
686,1.2441465452641753,UEFClarity,200
687,1.6896743749465564,UEFClarity,200
688,0.471628586703937,UEFClarity,200
689,0.6087318131185718,UEFClarity,200
690,0.8845069762279503,UEFClarity,200
691,0.7301892740842753,UEFClarity,200
692,1.1443523083797948,UEFClarity,200
693,0.7293864845177533,UEFClarity,200
694,0.8415572228409363,UEFClarity,200
695,0.6654751382653424,UEFClarity,200
696,0.8430050051659623,UEFClarity,200
697,0.3595153100639302,UEFClarity,200
698,1.0914395597602342,UEFClarity,200
699,1.5588218147725266,UEFClarity,200
700,-0.028345219136142148,UEFClarity,200
301,1.4833689762274171,UEFClarity,300
302,-0.034255807809559835,UEFClarity,300
303,1.9385076669524826,UEFClarity,300
304,-0.2250353940267774,UEFClarity,300
305,0.6925326901968414,UEFClarity,300
306,0.9702607700722361,UEFClarity,300
307,0.5961741004426395,UEFClarity,300
308,1.213684230453569,UEFClarity,300
309,0.5616222856611586,UEFClarity,300
310,0.6909211290856047,UEFClarity,300
311,0.38788411040566806,UEFClarity,300
312,0.6288119718625473,UEFClarity,300
313,2.143089340480627,UEFClarity,300
314,0.12947221282262708,UEFClarity,300
315,0.7601556763996394,UEFClarity,300
316,0.43384215561512635,UEFClarity,300
317,1.091360398364071,UEFClarity,300
318,0.869584908313554,UEFClarity,300
319,0.5481449249607074,UEFClarity,300
320,2.084235125481791,UEFClarity,300
321,1.1484747627495449,UEFClarity,300
322,0.7932982200736635,UEFClarity,300
323,0.6965791758931843,UEFClarity,300
324,2.7947756211400585,UEFClarity,300
325,0.4501472243677821,UEFClarity,300
326,1.4595468959225981,UEFClarity,300
327,0.3198897424674527,UEFClarity,300
328,1.107705709101758,UEFClarity,300
329,0.39011218506434947,UEFClarity,300
330,0.9753750122636616,UEFClarity,300
331,0.5345313656349937,UEFClarity,300
332,0.10666385100334709,UEFClarity,300
333,1.016940714090817,UEFClarity,300
334,0.44322750830068847,UEFClarity,300
335,1.6877641120785836,UEFClarity,300
336,1.1912984862171772,UEFClarity,300
337,0.33098998798268053,UEFClarity,300
338,0.99623022242386,UEFClarity,300
339,1.1599826665125055,UEFClarity,300
340,-0.05014276196448888,UEFClarity,300
341,0.615211064669316,UEFClarity,300
342,1.5629751440251072,UEFClarity,300
343,0.21563229359652844,UEFClarity,300
344,0.7883741926565225,UEFClarity,300
345,0.6746866728305287,UEFClarity,300
346,0.2900237665028981,UEFClarity,300
347,-0.3425223170625483,UEFClarity,300
348,0.5711924760848865,UEFClarity,300
349,0.04156383096339024,UEFClarity,300
350,0.6282038987336409,UEFClarity,300
351,1.8677799459860447,UEFClarity,300
352,0.7224271789626906,UEFClarity,300
353,2.2842445704259435,UEFClarity,300
354,0.9687839997861623,UEFClarity,300
355,0.018266585889619085,UEFClarity,300
356,1.2617443640660433,UEFClarity,300
357,0.6353059773982419,UEFClarity,300
358,0.6582227088772028,UEFClarity,300
359,1.3928774446200303,UEFClarity,300
360,0.6469507876914901,UEFClarity,300
361,0.5762461487167553,UEFClarity,300
362,0.10498980831130521,UEFClarity,300
363,1.1328811626503703,UEFClarity,300
364,1.3087258429609336,UEFClarity,300
365,0.8638243693338833,UEFClarity,300
366,0.09372729550479189,UEFClarity,300
367,2.294520080132105,UEFClarity,300
368,0.395670998712642,UEFClarity,300
369,0.26191756351074325,UEFClarity,300
370,0.642640616726668,UEFClarity,300
371,1.2651155523893975,UEFClarity,300
372,1.8340740753836624,UEFClarity,300
373,0.7811607415558254,UEFClarity,300
374,1.6601356298888263,UEFClarity,300
375,0.636969862252928,UEFClarity,300
376,0.6662232067213071,UEFClarity,300
377,0.934306561830096,UEFClarity,300
378,0.2763768136164584,UEFClarity,300
379,1.3995150756218229,UEFClarity,300
380,0.7731085106200792,UEFClarity,300
381,0.3603381048055176,UEFClarity,300
382,1.3705937017211407,UEFClarity,300
383,1.1793990124799028,UEFClarity,300
384,0.6248405509297356,UEFClarity,300
385,1.4802570182298265,UEFClarity,300
386,1.498386311523475,UEFClarity,300
387,0.7395647595630996,UEFClarity,300
388,0.6364463460924247,UEFClarity,300
389,0.24359623952533027,UEFClarity,300
390,0.9372942299489216,UEFClarity,300
391,1.3329253428322771,UEFClarity,300
392,2.1697642203230125,UEFClarity,300
393,0.09544908666302904,UEFClarity,300
394,0.7664917827056577,UEFClarity,300
395,0.9036548511076468,UEFClarity,300
396,0.8347815162988731,UEFClarity,300
397,0.3644016286760402,UEFClarity,300
398,-0.22882150295508827,UEFClarity,300
399,0.8472951761204742,UEFClarity,300
400,1.7850653036069029,UEFClarity,300
401,0.35909042464812174,UEFClarity,300
402,1.1385154040460201,UEFClarity,300
403,1.2899220946678338,UEFClarity,300
404,0.6878224801883934,UEFClarity,300
405,1.5078563331364612,UEFClarity,300
406,0.6401848658097806,UEFClarity,300
407,0.13525861497082522,UEFClarity,300
408,0.8519520891650066,UEFClarity,300
409,-0.37575277249588784,UEFClarity,300
410,0.37928771871000116,UEFClarity,300
411,1.062770790461404,UEFClarity,300
412,0.615211064669316,UEFClarity,300
413,0.9430422558968545,UEFClarity,300
414,1.1775526507217442,UEFClarity,300
415,0.5862892654643108,UEFClarity,300
416,0.6710633633749332,UEFClarity,300
417,-0.6818456321719475,UEFClarity,300
418,0.10416321207469989,UEFClarity,300
419,1.142388982264737,UEFClarity,300
420,0.1899246720734583,UEFClarity,300
421,0.8989650551435902,UEFClarity,300
422,0.9209609981727825,UEFClarity,300
423,0.8755896676813937,UEFClarity,300
424,0.612232948046716,UEFClarity,300
425,0.822506978766548,UEFClarity,300
426,0.6653874702915392,UEFClarity,300
427,1.6196538090500723,UEFClarity,300
428,1.307202356416618,UEFClarity,300
429,0.6135469194832094,UEFClarity,300
430,1.287173633510743,UEFClarity,300
431,0.9231401804950757,UEFClarity,300
432,0.7030221718561257,UEFClarity,300
433,0.7220903550817581,UEFClarity,300
434,1.9950525201477294,UEFClarity,300
435,1.3525838847810765,UEFClarity,300
436,1.1153369407637141,UEFClarity,300
437,0.6160536619965514,UEFClarity,300
438,1.1211713569199842,UEFClarity,300
439,0.2186435216074829,UEFClarity,300
440,0.55856210735286,UEFClarity,300
441,0.5252300362762675,UEFClarity,300
442,0.4336177412307836,UEFClarity,300
443,0.8515993657432516,UEFClarity,300
444,0.7787119608949198,UEFClarity,300
445,1.5643591794248135,UEFClarity,300
446,1.5299710298536269,UEFClarity,300
447,0.7283875553164969,UEFClarity,300
448,0.9793077256978047,UEFClarity,300
449,0.6289047907279904,UEFClarity,300
450,1.1787574843033906,UEFClarity,300
601,0.9977779007758035,UEFClarity,300
602,1.4219569357848485,UEFClarity,300
603,1.9273276796453098,UEFClarity,300
604,0.7732342032856222,UEFClarity,300
605,0.8713841203052383,UEFClarity,300
606,0.0977572627898037,UEFClarity,300
607,1.5012183157694492,UEFClarity,300
608,0.4740377068955904,UEFClarity,300
609,1.7667785329157515,UEFClarity,300
610,1.2874716763948497,UEFClarity,300
611,0.9907964712140916,UEFClarity,300
612,1.7310879312403222,UEFClarity,300
613,0.9265295757155962,UEFClarity,300
614,-0.1337802206653363,UEFClarity,300
615,-0.48874733587401964,UEFClarity,300
616,1.0455854856562243,UEFClarity,300
617,1.1625102008177315,UEFClarity,300
618,2.390431949356739,UEFClarity,300
619,-0.31552235849016,UEFClarity,300
620,1.5724762006045863,UEFClarity,300
621,2.5620563849082636,UEFClarity,300
622,-0.3014875677376945,UEFClarity,300
623,1.2373343540535147,UEFClarity,300
624,1.2004309835955478,UEFClarity,300
625,0.6877335274688468,UEFClarity,300
626,-0.20169152203704904,UEFClarity,300
627,0.3537436354545628,UEFClarity,300
628,1.8921410533577363,UEFClarity,300
629,0.7971720559485929,UEFClarity,300
630,0.7344741631237769,UEFClarity,300
631,0.4262702160641866,UEFClarity,300
632,1.145445115297891,UEFClarity,300
633,1.122222551606996,UEFClarity,300
634,1.2518537976311268,UEFClarity,300
635,0.25209861220506374,UEFClarity,300
636,-0.02890127848291649,UEFClarity,300
637,0.5648895822513648,UEFClarity,300
638,0.6024163325208711,UEFClarity,300
639,0.8284085785827684,UEFClarity,300
640,0.9884085426996583,UEFClarity,300
641,-0.23899138849163581,UEFClarity,300
642,1.8969075028748847,UEFClarity,300
643,1.5191702713384463,UEFClarity,300
644,0.8804529142349506,UEFClarity,300
645,1.9958572316670191,UEFClarity,300
646,0.9938055023347645,UEFClarity,300
647,0.6864305368177192,UEFClarity,300
648,1.0364089553339912,UEFClarity,300
649,1.7898118364361402,UEFClarity,300
650,0.4570162525700503,UEFClarity,300
651,1.0041735110218803,UEFClarity,300
652,1.1876885863437232,UEFClarity,300
653,1.8556754242845463,UEFClarity,300
654,0.20154329553012618,UEFClarity,300
655,0.052404715444451855,UEFClarity,300
656,1.3614777325425034,UEFClarity,300
657,0.25622535889187437,UEFClarity,300
658,0.5397132835540067,UEFClarity,300
659,1.0291794401242795,UEFClarity,300
660,1.232937193054087,UEFClarity,300
661,1.4037056000339352,UEFClarity,300
662,0.548258084623705,UEFClarity,300
663,1.082010359500611,UEFClarity,300
664,1.0340719624120305,UEFClarity,300
665,1.4945439256581206,UEFClarity,300
666,1.319105399237669,UEFClarity,300
667,1.0517518118699833,UEFClarity,300
668,0.697185333764305,UEFClarity,300
669,1.8171743850587432,UEFClarity,300
670,0.4998147482942997,UEFClarity,300
671,-0.3236746934448992,UEFClarity,300
672,-0.2297459974898031,UEFClarity,300
673,1.9843441797364672,UEFClarity,300
674,1.1451584091688487,UEFClarity,300
675,1.1567667803131487,UEFClarity,300
676,0.24291687792749653,UEFClarity,300
677,0.054649815171143874,UEFClarity,300
678,1.3640690115234873,UEFClarity,300
679,1.2118472814151788,UEFClarity,300
680,1.560303836915382,UEFClarity,300
681,1.0790381866346233,UEFClarity,300
682,0.763871188712004,UEFClarity,300
683,1.5608101917535075,UEFClarity,300
684,0.3547894053527394,UEFClarity,300
685,1.5598503196764057,UEFClarity,300
686,0.9080261905995024,UEFClarity,300
687,1.3786339834682153,UEFClarity,300
688,-0.12731636350517558,UEFClarity,300
689,0.6622142403550503,UEFClarity,300
690,0.6370698959052796,UEFClarity,300
691,0.7943500578735065,UEFClarity,300
692,1.294475583468308,UEFClarity,300
693,0.7401743712314112,UEFClarity,300
694,0.7600407069676967,UEFClarity,300
695,0.6808867362827301,UEFClarity,300
696,0.45303370843295415,UEFClarity,300
697,-0.005993630651906577,UEFClarity,300
698,0.789153198236661,UEFClarity,300
699,1.3731994957526217,UEFClarity,300
700,0.16089261610509983,UEFClarity,300
301,1.2872911691124491,UEFClarity,400
302,0.16268449723750886,UEFClarity,400
303,1.920105963781489,UEFClarity,400
304,-0.07461582491671238,UEFClarity,400
305,0.6077227784197934,UEFClarity,400
306,1.056134949513195,UEFClarity,400
307,0.6350050901982738,UEFClarity,400
308,1.32517383634087,UEFClarity,400
309,0.5814517531821763,UEFClarity,400
310,0.6270135704052247,UEFClarity,400
311,0.7751593062886248,UEFClarity,400
312,0.6556396359403459,UEFClarity,400
313,2.0364909126144517,UEFClarity,400
314,-0.05160487164876729,UEFClarity,400
315,0.7496547610225128,UEFClarity,400
316,0.4410398516802988,UEFClarity,400
317,0.852647656210482,UEFClarity,400
318,1.0452897414170297,UEFClarity,400
319,0.5620606999850889,UEFClarity,400
320,1.9268201700988565,UEFClarity,400
321,0.8896547653661848,UEFClarity,400
322,0.8739010676616182,UEFClarity,400
323,0.8175620422089631,UEFClarity,400
324,2.72658453173997,UEFClarity,400
325,0.4788551843391669,UEFClarity,400
326,1.0383268978982152,UEFClarity,400
327,0.27624600332969707,UEFClarity,400
328,1.284103625512505,UEFClarity,400
329,0.43849301331391166,UEFClarity,400
330,1.0240881295405326,UEFClarity,400
331,0.5421257327529746,UEFClarity,400
332,0.28691516879134044,UEFClarity,400
333,0.8288738766819608,UEFClarity,400
334,0.5956081564636558,UEFClarity,400
335,1.600852492921341,UEFClarity,400
336,0.544122549042806,UEFClarity,400
337,-0.08123065663973833,UEFClarity,400
338,0.8902633503495511,UEFClarity,400
339,1.054631520676443,UEFClarity,400
340,0.23611274270537874,UEFClarity,400
341,0.7426088083652902,UEFClarity,400
342,1.3637985868139946,UEFClarity,400
343,0.4770662726745439,UEFClarity,400
344,0.9258409653993767,UEFClarity,400
345,1.245368701057683,UEFClarity,400
346,0.4215507161999415,UEFClarity,400
347,-0.2967699733627901,UEFClarity,400
348,0.40910438032264845,UEFClarity,400
349,0.26663090753370455,UEFClarity,400
350,0.6034788349315778,UEFClarity,400
351,1.5719868145633575,UEFClarity,400
352,0.5529661211894453,UEFClarity,400
353,1.8686132693523545,UEFClarity,400
354,1.070085194970152,UEFClarity,400
355,0.07583500478822855,UEFClarity,400
356,1.1599747509054419,UEFClarity,400
357,0.5698198917261018,UEFClarity,400
358,0.7278244616268936,UEFClarity,400
359,1.1310019881207172,UEFClarity,400
360,0.5479475429056878,UEFClarity,400
361,0.6384662708863851,UEFClarity,400
362,0.24490361936607435,UEFClarity,400
363,1.3112058259313468,UEFClarity,400
364,1.203775519031663,UEFClarity,400
365,1.029853443223884,UEFClarity,400
366,0.04076586946250001,UEFClarity,400
367,2.345502716375073,UEFClarity,400
368,0.3944900434596441,UEFClarity,400
369,0.4831757427136456,UEFClarity,400
370,0.6392829214615554,UEFClarity,400
371,1.4979934340481011,UEFClarity,400
372,1.8013914110256433,UEFClarity,400
373,0.8567718380904743,UEFClarity,400
374,1.5648375878838918,UEFClarity,400
375,0.5144441917594401,UEFClarity,400
376,0.7920736549445238,UEFClarity,400
377,1.152505546628541,UEFClarity,400
378,0.5379910354731456,UEFClarity,400
379,0.5103653095501942,UEFClarity,400
380,0.7517301237257542,UEFClarity,400
381,0.45349562886062145,UEFClarity,400
382,1.3428942111279,UEFClarity,400
383,0.9111256906341629,UEFClarity,400
384,0.8633709443858235,UEFClarity,400
385,1.4963917075394852,UEFClarity,400
386,1.2767795581354073,UEFClarity,400
387,1.1537670529157786,UEFClarity,400
388,0.6576156658450246,UEFClarity,400
389,0.3242300655370923,UEFClarity,400
390,0.8733691895867283,UEFClarity,400
391,1.5581588572941223,UEFClarity,400
392,1.050436264497171,UEFClarity,400
393,0.23124153077665632,UEFClarity,400
394,0.907900712004801,UEFClarity,400
395,0.9530997637293553,UEFClarity,400
396,0.720911791219083,UEFClarity,400
397,0.15236392122106548,UEFClarity,400
398,0.04679134228862148,UEFClarity,400
399,0.8901428209179575,UEFClarity,400
400,1.66038452034298,UEFClarity,400
401,0.20742792590224882,UEFClarity,400
402,1.0856785273793714,UEFClarity,400
403,1.1699046966242563,UEFClarity,400
404,1.0562056718519743,UEFClarity,400
405,1.2145716079973468,UEFClarity,400
406,0.6692598504563676,UEFClarity,400
407,0.011297344530037182,UEFClarity,400
408,0.9079535785638639,UEFClarity,400
409,-0.05617029208944953,UEFClarity,400
410,0.46406642624321814,UEFClarity,400
411,0.9554967529604599,UEFClarity,400
412,0.7426088083652902,UEFClarity,400
413,0.9317566730303737,UEFClarity,400
414,1.3539190559627021,UEFClarity,400
415,0.4710407090561136,UEFClarity,400
416,0.5237733476710199,UEFClarity,400
417,-1.208366277090951,UEFClarity,400
418,0.03333373472555427,UEFClarity,400
419,1.106188207700246,UEFClarity,400
420,0.09519114089560836,UEFClarity,400
421,0.7774470282528462,UEFClarity,400
422,0.49919502430013274,UEFClarity,400
423,1.0248318951011257,UEFClarity,400
424,0.759759980231712,UEFClarity,400
425,0.6376844045038665,UEFClarity,400
426,0.6495952194234286,UEFClarity,400
427,1.448087459057788,UEFClarity,400
428,1.3740685166632332,UEFClarity,400
429,0.6488368902723894,UEFClarity,400
430,1.0061395798168613,UEFClarity,400
431,0.8276285843854345,UEFClarity,400
432,0.6814114518853546,UEFClarity,400
433,0.8277758329387358,UEFClarity,400
434,1.8008110972386082,UEFClarity,400
435,1.185070900471948,UEFClarity,400
436,1.1004986207509544,UEFClarity,400
437,0.5300726560304876,UEFClarity,400
438,1.1788836664209443,UEFClarity,400
439,0.2930533216592416,UEFClarity,400
440,0.6467716774241223,UEFClarity,400
441,0.5391603100245356,UEFClarity,400
442,0.400123338623296,UEFClarity,400
443,0.754161110284269,UEFClarity,400
444,0.692670264804904,UEFClarity,400
445,1.4687845377511108,UEFClarity,400
446,1.5582412984103102,UEFClarity,400
447,0.6675949330639936,UEFClarity,400
448,1.031665406472793,UEFClarity,400
449,0.5687733596311132,UEFClarity,400
450,1.192596124290843,UEFClarity,400
601,1.0851664838746529,UEFClarity,400
602,1.2813762814146956,UEFClarity,400
603,1.9657104890120876,UEFClarity,400
604,0.6700581351900182,UEFClarity,400
605,1.1736402926730483,UEFClarity,400
606,0.15577687227156964,UEFClarity,400
607,1.500352823686103,UEFClarity,400
608,0.6435069288199776,UEFClarity,400
609,1.4214038687210433,UEFClarity,400
610,1.0981239902273563,UEFClarity,400
611,1.181171270381432,UEFClarity,400
612,1.5155400471768234,UEFClarity,400
613,0.7515833228881423,UEFClarity,400
614,-0.505419753003527,UEFClarity,400
615,-0.6211433605454457,UEFClarity,400
616,1.1272094591814972,UEFClarity,400
617,1.273584879542204,UEFClarity,400
618,2.0958098686308064,UEFClarity,400
619,-0.13034110138634372,UEFClarity,400
620,1.3484110903989428,UEFClarity,400
621,2.151253122680514,UEFClarity,400
622,-0.2524285530082206,UEFClarity,400
623,1.057612384232156,UEFClarity,400
624,1.0651588989074947,UEFClarity,400
625,0.6889126093507754,UEFClarity,400
626,-0.02386501513698492,UEFClarity,400
627,0.44575839863268263,UEFClarity,400
628,2.032416085617415,UEFClarity,400
629,0.8671802753764464,UEFClarity,400
630,0.8838882832390036,UEFClarity,400
631,0.45109698892112554,UEFClarity,400
632,0.9491984289504058,UEFClarity,400
633,1.4856967813348443,UEFClarity,400
634,1.2113694316759245,UEFClarity,400
635,0.35699484772113677,UEFClarity,400
636,-0.26515720167045675,UEFClarity,400
637,0.39278339535656365,UEFClarity,400
638,0.5856672516340566,UEFClarity,400
639,0.973276103462751,UEFClarity,400
640,0.7292735878528807,UEFClarity,400
641,-0.3070430461289193,UEFClarity,400
642,1.8335567347801207,UEFClarity,400
643,1.4478369858814772,UEFClarity,400
644,1.0293484882877213,UEFClarity,400
645,2.00972683459828,UEFClarity,400
646,0.7567704022753612,UEFClarity,400
647,0.7050195625849909,UEFClarity,400
648,0.6609391907497101,UEFClarity,400
649,1.272976792923678,UEFClarity,400
650,0.4342782609077588,UEFClarity,400
651,0.8902770529771789,UEFClarity,400
652,1.0114214857237884,UEFClarity,400
653,1.5621069786193507,UEFClarity,400
654,0.01850517614045029,UEFClarity,400
655,-0.05657260253068036,UEFClarity,400
656,1.2399542379694664,UEFClarity,400
657,0.32894645186904414,UEFClarity,400
658,0.6713976211694086,UEFClarity,400
659,0.7829202815818723,UEFClarity,400
660,1.1523968135349312,UEFClarity,400
661,1.3953858737898053,UEFClarity,400
662,0.4127809191504269,UEFClarity,400
663,1.2061230698024883,UEFClarity,400
664,1.1077337232564275,UEFClarity,400
665,1.2356553969648734,UEFClarity,400
666,1.5852795729007476,UEFClarity,400
667,0.7632170187530196,UEFClarity,400
668,0.5754921238316822,UEFClarity,400
669,1.679616769973373,UEFClarity,400
670,0.5545867770625614,UEFClarity,400
671,-0.3445165541011269,UEFClarity,400
672,-0.2538626144677466,UEFClarity,400
673,1.8179789741627153,UEFClarity,400
674,0.9309435252247765,UEFClarity,400
675,1.2153872791478024,UEFClarity,400
676,0.3709495269039356,UEFClarity,400
677,0.058336051973127655,UEFClarity,400
678,1.3229564638687357,UEFClarity,400
679,1.217580026767559,UEFClarity,400
680,1.3471209794572179,UEFClarity,400
681,0.8770552315421943,UEFClarity,400
682,0.8527396357985935,UEFClarity,400
683,1.626769564312972,UEFClarity,400
684,0.2748599115545723,UEFClarity,400
685,1.6277324426051272,UEFClarity,400
686,0.4344054233061518,UEFClarity,400
687,1.3337969012972815,UEFClarity,400
688,-0.022326278363558525,UEFClarity,400
689,0.7870007910175337,UEFClarity,400
690,0.7494556726485548,UEFClarity,400
691,0.8226073671898085,UEFClarity,400
692,1.3240737951053552,UEFClarity,400
693,0.6720630139574703,UEFClarity,400
694,0.8117883354121219,UEFClarity,400
695,0.6831668656771235,UEFClarity,400
696,0.3563500387899999,UEFClarity,400
697,-0.05071056844566565,UEFClarity,400
698,0.6958551230093017,UEFClarity,400
699,1.244862714863286,UEFClarity,400
700,-0.1772265985216985,UEFClarity,400
301,1.199353838621207,UEFClarity,500
302,0.39486892787667577,UEFClarity,500
303,1.7170399112696895,UEFClarity,500
304,-0.07067427189961863,UEFClarity,500
305,0.6125567213346994,UEFClarity,500
306,1.078544729713746,UEFClarity,500
307,0.9985737461961443,UEFClarity,500
308,1.1744334345372522,UEFClarity,500
309,0.5950474180327795,UEFClarity,500
310,0.6745410789848449,UEFClarity,500
311,1.062134108293968,UEFClarity,500
312,0.5466452288853434,UEFClarity,500
313,1.8722406262994151,UEFClarity,500
314,-0.03561319620260386,UEFClarity,500
315,0.721165246015687,UEFClarity,500
316,0.6105598327736154,UEFClarity,500
317,0.5000664376962277,UEFClarity,500
318,1.0910593177414802,UEFClarity,500
319,0.7130801948319571,UEFClarity,500
320,1.778735376812902,UEFClarity,500
321,0.781689736768425,UEFClarity,500
322,0.8117550768845425,UEFClarity,500
323,0.7049942200920002,UEFClarity,500
324,2.725360612971353,UEFClarity,500
325,0.5208835709383031,UEFClarity,500
326,0.9165716874216946,UEFClarity,500
327,0.41392633056846184,UEFClarity,500
328,1.6148783213099622,UEFClarity,500
329,0.5297965147595911,UEFClarity,500
330,0.9936243434238151,UEFClarity,500
331,0.336111077272423,UEFClarity,500
332,0.5776434814492357,UEFClarity,500
333,0.7550492608368533,UEFClarity,500
334,0.6301813471947789,UEFClarity,500
335,1.444525255401856,UEFClarity,500
336,0.04178521116902104,UEFClarity,500
337,0.005109129650525914,UEFClarity,500
338,0.817616114804259,UEFClarity,500
339,1.0287353696057844,UEFClarity,500
340,0.5092044250234706,UEFClarity,500
341,0.6893139082244845,UEFClarity,500
342,1.4257972372395689,UEFClarity,500
343,0.47902703537829167,UEFClarity,500
344,1.1904124878166493,UEFClarity,500
345,1.3926458821839793,UEFClarity,500
346,0.4897899011099952,UEFClarity,500
347,-0.13929635128067833,UEFClarity,500
348,0.47347456412682015,UEFClarity,500
349,0.5280314609853284,UEFClarity,500
350,0.6661018774956848,UEFClarity,500
351,1.4443786518194397,UEFClarity,500
352,0.5464470698855467,UEFClarity,500
353,1.6220328842323144,UEFClarity,500
354,1.0946853334744417,UEFClarity,500
355,0.22520880920537992,UEFClarity,500
356,1.0364341507520736,UEFClarity,500
357,0.5113970272162931,UEFClarity,500
358,0.6893930395105072,UEFClarity,500
359,1.071437301653395,UEFClarity,500
360,0.507983681900584,UEFClarity,500
361,0.5617362232392551,UEFClarity,500
362,0.17324031771701842,UEFClarity,500
363,1.4946349131566903,UEFClarity,500
364,1.0114458849560408,UEFClarity,500
365,1.1204278802484011,UEFClarity,500
366,0.07594542094823371,UEFClarity,500
367,2.4061664038559356,UEFClarity,500
368,0.43963801552029447,UEFClarity,500
369,0.5030714490635441,UEFClarity,500
370,0.7233406338013059,UEFClarity,500
371,1.484279487641413,UEFClarity,500
372,1.7173776100686575,UEFClarity,500
373,0.7848726011482626,UEFClarity,500
374,1.4823493266033332,UEFClarity,500
375,0.41846224839720514,UEFClarity,500
376,0.8212160547795554,UEFClarity,500
377,1.5146232040869485,UEFClarity,500
378,0.5271989169264103,UEFClarity,500
379,0.02553585655933471,UEFClarity,500
380,0.6907045327838526,UEFClarity,500
381,0.45127964705037754,UEFClarity,500
382,1.270613132911406,UEFClarity,500
383,0.8711538610566395,UEFClarity,500
384,0.8929668991692936,UEFClarity,500
385,1.4997930450290564,UEFClarity,500
386,1.2698952896582774,UEFClarity,500
387,1.2236463776570534,UEFClarity,500
388,0.646044257147729,UEFClarity,500
389,0.4486370887038459,UEFClarity,500
390,0.6692045950175532,UEFClarity,500
391,1.4261222384311525,UEFClarity,500
392,0.3585060352105151,UEFClarity,500
393,0.15179774405415844,UEFClarity,500
394,0.8761190991172894,UEFClarity,500
395,1.0131317938878508,UEFClarity,500
396,0.7170857610235369,UEFClarity,500
397,0.0964978122142776,UEFClarity,500
398,0.03855003720661353,UEFClarity,500
399,0.916442491980265,UEFClarity,500
400,1.5000472515853809,UEFClarity,500
401,0.5532291953845327,UEFClarity,500
402,1.0162838217281784,UEFClarity,500
403,1.1440952622140264,UEFClarity,500
404,1.2265413317561926,UEFClarity,500
405,1.1743983788716585,UEFClarity,500
406,0.6292161913768334,UEFClarity,500
407,-0.13489704898462784,UEFClarity,500
408,1.0167232166860343,UEFClarity,500
409,-0.011346320314923681,UEFClarity,500
410,0.3350003787732314,UEFClarity,500
411,0.9056335072270117,UEFClarity,500
412,0.6893139082244845,UEFClarity,500
413,0.8461751768600124,UEFClarity,500
414,1.4003372229236284,UEFClarity,500
415,0.4592951160279252,UEFClarity,500
416,0.40173631473637667,UEFClarity,500
417,-1.282995233390667,UEFClarity,500
418,0.04255881820967129,UEFClarity,500
419,1.1376535824487808,UEFClarity,500
420,0.10312175507868357,UEFClarity,500
421,0.8888787865768849,UEFClarity,500
422,0.5840179842798303,UEFClarity,500
423,1.0098873140471227,UEFClarity,500
424,0.8058785676410349,UEFClarity,500
425,0.668073832235844,UEFClarity,500
426,0.595406971609566,UEFClarity,500
427,1.4339501283934177,UEFClarity,500
428,1.3133494021750016,UEFClarity,500
429,0.7801826928001571,UEFClarity,500
430,0.8552905646658631,UEFClarity,500
431,0.7809921295872261,UEFClarity,500
432,0.5307584430664041,UEFClarity,500
433,0.7211804973183844,UEFClarity,500
434,1.656958044215062,UEFClarity,500
435,1.081633095183109,UEFClarity,500
436,1.1214447812093813,UEFClarity,500
437,0.49652368099624833,UEFClarity,500
438,1.3634124647961965,UEFClarity,500
439,0.40818584067989877,UEFClarity,500
440,0.6950146719660446,UEFClarity,500
441,0.5575832698771945,UEFClarity,500
442,0.30212902474348685,UEFClarity,500
443,0.6899352818665725,UEFClarity,500
444,0.6834703540260515,UEFClarity,500
445,1.3888364270010285,UEFClarity,500
446,1.6328875386300283,UEFClarity,500
447,0.5115898750810282,UEFClarity,500
448,0.9981170528849661,UEFClarity,500
449,0.6083714316635446,UEFClarity,500
450,1.2210157463503262,UEFClarity,500
601,1.1750891108084103,UEFClarity,500
602,1.34906792389722,UEFClarity,500
603,2.122304964093614,UEFClarity,500
604,0.8272622860894426,UEFClarity,500
605,1.1735234142275404,UEFClarity,500
606,0.15750875973364759,UEFClarity,500
607,1.5052866225891433,UEFClarity,500
608,0.43101277224776213,UEFClarity,500
609,1.3236483002272141,UEFClarity,500
610,0.8952629143714556,UEFClarity,500
611,1.431815500524796,UEFClarity,500
612,1.4729795276887288,UEFClarity,500
613,0.6240133252873564,UEFClarity,500
614,-0.584386394419106,UEFClarity,500
615,-0.46356918961280524,UEFClarity,500
616,1.2579683470712615,UEFClarity,500
617,1.5399898377182888,UEFClarity,500
618,1.8947032611893884,UEFClarity,500
619,0.2508900734453543,UEFClarity,500
620,1.239063213916555,UEFClarity,500
621,1.9779602313398599,UEFClarity,500
622,-0.1618494577663436,UEFClarity,500
623,0.9632616425390218,UEFClarity,500
624,0.9198285186150563,UEFClarity,500
625,0.6924806575394787,UEFClarity,500
626,-0.10147890874161307,UEFClarity,500
627,0.4658861910878462,UEFClarity,500
628,2.2441452086214415,UEFClarity,500
629,1.0403549418139593,UEFClarity,500
630,0.9008027899975322,UEFClarity,500
631,0.6364778329989227,UEFClarity,500
632,0.7854467978900316,UEFClarity,500
633,1.4217060323967978,UEFClarity,500
634,0.9910968475358918,UEFClarity,500
635,0.41798410938149144,UEFClarity,500
636,-0.12304961751681834,UEFClarity,500
637,0.5500761850056076,UEFClarity,500
638,0.5752435953502008,UEFClarity,500
639,1.0518652619114033,UEFClarity,500
640,0.6605694567080103,UEFClarity,500
641,-0.14121636894618841,UEFClarity,500
642,1.8612384398821895,UEFClarity,500
643,1.332347460157034,UEFClarity,500
644,1.2279155720383976,UEFClarity,500
645,1.6494777840812567,UEFClarity,500
646,0.7427251632529791,UEFClarity,500
647,0.6657976014227885,UEFClarity,500
648,0.5929335682675948,UEFClarity,500
649,0.9988941324447718,UEFClarity,500
650,0.5301580801720286,UEFClarity,500
651,0.7443299388357721,UEFClarity,500
652,0.980060657061397,UEFClarity,500
653,1.2722896482027053,UEFClarity,500
654,0.020574782775802252,UEFClarity,500
655,-0.05008652182403164,UEFClarity,500
656,1.0010571609170567,UEFClarity,500
657,0.24197871107795946,UEFClarity,500
658,0.6601463122102862,UEFClarity,500
659,0.7636978848315994,UEFClarity,500
660,1.1707634577451351,UEFClarity,500
661,1.502486066352158,UEFClarity,500
662,0.4459989981239911,UEFClarity,500
663,1.0023866919152038,UEFClarity,500
664,1.115372592587094,UEFClarity,500
665,1.240514823169787,UEFClarity,500
666,1.4622775173503706,UEFClarity,500
667,0.7626571491623533,UEFClarity,500
668,0.6126094087687785,UEFClarity,500
669,1.6789946864373257,UEFClarity,500
670,0.6120129495390787,UEFClarity,500
671,-0.4128388911687447,UEFClarity,500
672,-0.17500840047499858,UEFClarity,500
673,1.6715762540780734,UEFClarity,500
674,0.8533012476366706,UEFClarity,500
675,1.297502876888651,UEFClarity,500
676,0.27182742303648205,UEFClarity,500
677,0.05550250016438,UEFClarity,500
678,1.3287553420053089,UEFClarity,500
679,1.172179573637578,UEFClarity,500
680,1.3230648635800026,UEFClarity,500
681,0.7312492863138497,UEFClarity,500
682,0.7841587526538926,UEFClarity,500
683,1.675622885683628,UEFClarity,500
684,0.37950480157510197,UEFClarity,500
685,1.7263398766568887,UEFClarity,500
686,0.4702155502242456,UEFClarity,500
687,1.2569532373000605,UEFClarity,500
688,0.1401911241892153,UEFClarity,500
689,0.6000843359854452,UEFClarity,500
690,0.7171323130958277,UEFClarity,500
691,1.0211400376202868,UEFClarity,500
692,1.369617912282388,UEFClarity,500
693,0.745332732243432,UEFClarity,500
694,0.9095270556458653,UEFClarity,500
695,0.6899026494718976,UEFClarity,500
696,0.16957573721690009,UEFClarity,500
697,-0.10641862560816266,UEFClarity,500
698,0.8186882010204696,UEFClarity,500
699,1.0892347077288476,UEFClarity,500
700,-0.37203747460124154,UEFClarity,500
301,1.2501728383369777,UEFClarity,600
302,0.5035337863413895,UEFClarity,600
303,1.6065469901390799,UEFClarity,600
304,0.05738520833326268,UEFClarity,600
305,0.6960180973169415,UEFClarity,600
306,1.1364717314431596,UEFClarity,600
307,1.2150856620412034,UEFClarity,600
308,1.1122559957430869,UEFClarity,600
309,0.41011922185850613,UEFClarity,600
310,0.6176640190023587,UEFClarity,600
311,1.1079136525514115,UEFClarity,600
312,0.5766908078804219,UEFClarity,600
313,1.6676346850357218,UEFClarity,600
314,-0.058856597516225975,UEFClarity,600
315,0.8425623305789075,UEFClarity,600
316,0.6936759733749341,UEFClarity,600
317,0.4140862666556198,UEFClarity,600
318,1.0900980722080171,UEFClarity,600
319,0.790485114548218,UEFClarity,600
320,1.6150045955368284,UEFClarity,600
321,0.7174041557887431,UEFClarity,600
322,0.767928730424356,UEFClarity,600
323,0.6941027554244233,UEFClarity,600
324,2.640864574278275,UEFClarity,600
325,0.5829863185974015,UEFClarity,600
326,0.8226126257187361,UEFClarity,600
327,0.432272405606978,UEFClarity,600
328,1.7057595227805886,UEFClarity,600
329,0.568448936530382,UEFClarity,600
330,0.8953850747427571,UEFClarity,600
331,0.1961740932908872,UEFClarity,600
332,0.4265394672816127,UEFClarity,600
333,0.6645385445258437,UEFClarity,600
334,0.6953770444819231,UEFClarity,600
335,1.4841240971928025,UEFClarity,600
336,-0.06586332526294136,UEFClarity,600
337,-0.004319074368776991,UEFClarity,600
338,0.7160564791178845,UEFClarity,600
339,1.000017266722096,UEFClarity,600
340,0.6283624894124099,UEFClarity,600
341,0.7005379870109153,UEFClarity,600
342,1.3382216961817661,UEFClarity,600
343,0.4806910818540501,UEFClarity,600
344,1.2207781936010798,UEFClarity,600
345,1.6906231358561148,UEFClarity,600
346,0.49159271324934867,UEFClarity,600
347,0.027944643705375777,UEFClarity,600
348,0.529359314997672,UEFClarity,600
349,0.5261527672688521,UEFClarity,600
350,0.6760162413056491,UEFClarity,600
351,1.2391902826675363,UEFClarity,600
352,0.49002530808884137,UEFClarity,600
353,1.3422477321835815,UEFClarity,600
354,1.0722988491086978,UEFClarity,600
355,0.35737404078002166,UEFClarity,600
356,0.9854224527768678,UEFClarity,600
357,0.43292344434830765,UEFClarity,600
358,0.6076416104235595,UEFClarity,600
359,0.9305602358651395,UEFClarity,600
360,0.44058323492869594,UEFClarity,600
361,0.6710587154258536,UEFClarity,600
362,0.18489449522318416,UEFClarity,600
363,1.6039217385250977,UEFClarity,600
364,0.8782327700095061,UEFClarity,600
365,1.148944981086624,UEFClarity,600
366,0.06551673305020608,UEFClarity,600
367,2.3109577709128724,UEFClarity,600
368,0.3700459085910702,UEFClarity,600
369,0.5618475289282419,UEFClarity,600
370,0.8192926607397885,UEFClarity,600
371,1.5341790016698935,UEFClarity,600
372,1.6856046422460824,UEFClarity,600
373,0.6578711550328801,UEFClarity,600
374,1.4859325796794602,UEFClarity,600
375,0.4386358868824253,UEFClarity,600
376,0.8335155736168974,UEFClarity,600
377,2.480907150493959,UEFClarity,600
378,0.6415991880961701,UEFClarity,600
379,-0.18336926149703037,UEFClarity,600
380,0.5293543079814472,UEFClarity,600
381,0.5822432279565407,UEFClarity,600
382,1.1662363138566152,UEFClarity,600
383,0.8002180118860841,UEFClarity,600
384,1.0086697609691975,UEFClarity,600
385,1.4142697226197842,UEFClarity,600
386,1.234637428886221,UEFClarity,600
387,1.0179127940056356,UEFClarity,600
388,0.6354769786167555,UEFClarity,600
389,0.43867977560466104,UEFClarity,600
390,0.6939695396282964,UEFClarity,600
391,1.326180828523579,UEFClarity,600
392,0.1519284937825822,UEFClarity,600
393,0.20736082989284144,UEFClarity,600
394,0.8168683531503448,UEFClarity,600
395,1.078988804178735,UEFClarity,600
396,0.6802851615038376,UEFClarity,600
397,0.11358516381140482,UEFClarity,600
398,0.09105812095466165,UEFClarity,600
399,0.8119965579730531,UEFClarity,600
400,1.5014193141734833,UEFClarity,600
401,0.5082159116284172,UEFClarity,600
402,1.6208245864005777,UEFClarity,600
403,1.1035450762479129,UEFClarity,600
404,1.4306679345272897,UEFClarity,600
405,1.1938713150679112,UEFClarity,600
406,0.8003232910869813,UEFClarity,600
407,0.09528790976127478,UEFClarity,600
408,1.1245338980007449,UEFClarity,600
409,0.07965108171772298,UEFClarity,600
410,0.46002605448584505,UEFClarity,600
411,0.8973080203611373,UEFClarity,600
412,0.7005379870109153,UEFClarity,600
413,0.9176475020834326,UEFClarity,600
414,1.5142093210345386,UEFClarity,600
415,0.5988229616358368,UEFClarity,600
416,0.30717793908292035,UEFClarity,600
417,-1.3426384068280868,UEFClarity,600
418,0.07819490259545481,UEFClarity,600
419,0.8980505512353569,UEFClarity,600
420,0.10871679209039656,UEFClarity,600
421,0.8355801107602271,UEFClarity,600
422,0.5555577061539823,UEFClarity,600
423,0.9468489676246454,UEFClarity,600
424,1.2064055976095087,UEFClarity,600
425,0.7115072374152005,UEFClarity,600
426,0.6282228459079744,UEFClarity,600
427,1.2844372031946996,UEFClarity,600
428,1.2300809947316171,UEFClarity,600
429,0.7826445377894488,UEFClarity,600
430,0.5941174818024669,UEFClarity,600
431,0.7925185860378563,UEFClarity,600
432,0.5244265265669618,UEFClarity,600
433,0.7006338679258174,UEFClarity,600
434,1.2666191996074758,UEFClarity,600
435,0.9635603448131498,UEFClarity,600
436,1.0350859795413525,UEFClarity,600
437,0.47075218910333944,UEFClarity,600
438,1.4837227808755336,UEFClarity,600
439,0.42161301792700695,UEFClarity,600
440,0.6863756230015785,UEFClarity,600
441,0.5318920778376015,UEFClarity,600
442,0.2019912131840427,UEFClarity,600
443,0.6574694408024088,UEFClarity,600
444,0.6449192920818827,UEFClarity,600
445,1.2890508444066542,UEFClarity,600
446,1.501547760668073,UEFClarity,600
447,0.5147489292627697,UEFClarity,600
448,0.9897363700733053,UEFClarity,600
449,0.591916603668333,UEFClarity,600
450,1.2218773469401476,UEFClarity,600
601,1.3735794729469342,UEFClarity,600
602,1.4701301714225017,UEFClarity,600
603,2.2574865777421422,UEFClarity,600
604,0.8225124827145676,UEFClarity,600
605,1.3168375508125185,UEFClarity,600
606,0.16823881848225372,UEFClarity,600
607,1.4342966739614746,UEFClarity,600
608,0.36157047178992724,UEFClarity,600
609,1.3337797461210117,UEFClarity,600
610,0.9101055597068484,UEFClarity,600
611,1.5124678112561256,UEFClarity,600
612,1.438337840116174,UEFClarity,600
613,0.612118802942705,UEFClarity,600
614,-0.5915821139775842,UEFClarity,600
615,-0.10608490231987133,UEFClarity,600
616,1.3022539817296515,UEFClarity,600
617,1.6382188831145161,UEFClarity,600
618,1.7159372236764494,UEFClarity,600
619,0.5338735630644951,UEFClarity,600
620,1.097508290805695,UEFClarity,600
621,1.7843280235186045,UEFClarity,600
622,-0.19141176107542857,UEFClarity,600
623,0.9463675570445415,UEFClarity,600
624,0.8676403845910636,UEFClarity,600
625,0.8286603532679695,UEFClarity,600
626,0.19111298209928923,UEFClarity,600
627,0.4602982407733955,UEFClarity,600
628,2.3563166123770176,UEFClarity,600
629,1.1484787975487891,UEFClarity,600
630,0.9110974384285617,UEFClarity,600
631,0.6476840735357082,UEFClarity,600
632,0.6965949887294727,UEFClarity,600
633,1.3863040643643818,UEFClarity,600
634,0.9375162592968039,UEFClarity,600
635,0.39106183570723896,UEFClarity,600
636,-0.05306606099960183,UEFClarity,600
637,0.4445340810576042,UEFClarity,600
638,0.6871472939896223,UEFClarity,600
639,1.1539629188872202,UEFClarity,600
640,0.5786867509922919,UEFClarity,600
641,0.041040316473060355,UEFClarity,600
642,1.7896519183970152,UEFClarity,600
643,1.2137544369459303,UEFClarity,600
644,1.350512969570906,UEFClarity,600
645,1.3463686093737222,UEFClarity,600
646,0.6243865826863684,UEFClarity,600
647,0.6096877025683299,UEFClarity,600
648,0.5628232521491129,UEFClarity,600
649,0.8057416118110813,UEFClarity,600
650,0.5224351387508792,UEFClarity,600
651,0.5964208069681104,UEFClarity,600
652,0.9773778378679729,UEFClarity,600
653,0.9863055946015601,UEFClarity,600
654,0.13484058924306458,UEFClarity,600
655,0.008126009858323733,UEFClarity,600
656,0.8686816574334182,UEFClarity,600
657,0.21627306317774356,UEFClarity,600
658,0.6584179189917474,UEFClarity,600
659,0.6678195543688703,UEFClarity,600
660,1.0630800714147048,UEFClarity,600
661,1.5236796940611537,UEFClarity,600
662,0.4272447335762743,UEFClarity,600
663,0.8636808575937521,UEFClarity,600
664,1.0787922467613913,UEFClarity,600
665,1.0757889123630768,UEFClarity,600
666,1.271789105408134,UEFClarity,600
667,0.7342856029787065,UEFClarity,600
668,0.6327978766343935,UEFClarity,600
669,1.6039023386785636,UEFClarity,600
670,0.611193685907499,UEFClarity,600
671,-0.2987271876265209,UEFClarity,600
672,-0.23273088555678434,UEFClarity,600
673,1.6380330981445002,UEFClarity,600
674,0.696767012270511,UEFClarity,600
675,1.3900993006445965,UEFClarity,600
676,0.4361546219886593,UEFClarity,600
677,0.09842362586668488,UEFClarity,600
678,1.2948310668808778,UEFClarity,600
679,1.1826511050063022,UEFClarity,600
680,1.252670623238487,UEFClarity,600
681,0.6187494608422569,UEFClarity,600
682,0.773185160972416,UEFClarity,600
683,1.6375798120432672,UEFClarity,600
684,0.39305002187298027,UEFClarity,600
685,1.7249752482578573,UEFClarity,600
686,0.26964811128846045,UEFClarity,600
687,1.3474755769570237,UEFClarity,600
688,0.3718631306894745,UEFClarity,600
689,0.701949479551394,UEFClarity,600
690,0.6301122243179003,UEFClarity,600
691,1.1159754145062164,UEFClarity,600
692,1.3113991710308928,UEFClarity,600
693,0.8614318729557389,UEFClarity,600
694,0.9898000587200585,UEFClarity,600
695,0.6217040919506409,UEFClarity,600
696,-0.051149073220298304,UEFClarity,600
697,-0.1250407977636317,UEFClarity,600
698,0.704571237722348,UEFClarity,600
699,0.9593441121573123,UEFClarity,600
700,-0.46075112328658197,UEFClarity,600
301,1.1872374568190878,UEFClarity,700
302,0.6459822695307459,UEFClarity,700
303,1.5400856945558026,UEFClarity,700
304,0.1658190364756009,UEFClarity,700
305,0.6577111249801114,UEFClarity,700
306,1.1326565346019173,UEFClarity,700
307,1.2575742027356398,UEFClarity,700
308,1.205610561125996,UEFClarity,700
309,0.36967932659546726,UEFClarity,700
310,0.7104289139121073,UEFClarity,700
311,1.1172504702395978,UEFClarity,700
312,0.6162994723363687,UEFClarity,700
313,1.5487534964317233,UEFClarity,700
314,0.11729014684708834,UEFClarity,700
315,0.8096845441514494,UEFClarity,700
316,0.7489477586857467,UEFClarity,700
317,0.14052426659738942,UEFClarity,700
318,1.1462332243967337,UEFClarity,700
319,0.7891865419160604,UEFClarity,700
320,1.5549827752932226,UEFClarity,700
321,0.6590710300967821,UEFClarity,700
322,0.6770861329211982,UEFClarity,700
323,0.708395502438355,UEFClarity,700
324,2.5411705982971817,UEFClarity,700
325,0.6165198920523123,UEFClarity,700
326,0.8789950094142781,UEFClarity,700
327,0.48750851890417357,UEFClarity,700
328,1.818181885242652,UEFClarity,700
329,0.492581410986476,UEFClarity,700
330,0.9450520240297381,UEFClarity,700
331,0.1076105180732026,UEFClarity,700
332,0.46533459803548965,UEFClarity,700
333,0.7039591724516397,UEFClarity,700
334,0.6827263015695149,UEFClarity,700
335,1.3647601851333353,UEFClarity,700
336,-0.0600750580548707,UEFClarity,700
337,0.02355723981540921,UEFClarity,700
338,0.6300844386254287,UEFClarity,700
339,0.8954180576502757,UEFClarity,700
340,0.8328341541454698,UEFClarity,700
341,0.6454653885403586,UEFClarity,700
342,1.2963693684508715,UEFClarity,700
343,0.49839069118989265,UEFClarity,700
344,1.263492414476926,UEFClarity,700
345,1.9036352028001582,UEFClarity,700
346,0.6337728743506981,UEFClarity,700
347,0.17733852118010726,UEFClarity,700
348,0.6281316364281367,UEFClarity,700
349,0.9159266235937961,UEFClarity,700
350,0.5864661077071347,UEFClarity,700
351,1.2596752010845513,UEFClarity,700
352,0.4723652768123058,UEFClarity,700
353,1.2399758534340304,UEFClarity,700
354,1.1182835743789208,UEFClarity,700
355,0.47819777418247755,UEFClarity,700
356,0.9356486734632161,UEFClarity,700
357,0.41671087126116924,UEFClarity,700
358,0.5346853357700664,UEFClarity,700
359,0.8930647485930836,UEFClarity,700
360,0.44492134396722544,UEFClarity,700
361,0.5975856788271312,UEFClarity,700
362,0.344360877902729,UEFClarity,700
363,1.749414156287001,UEFClarity,700
364,0.9107615515257628,UEFClarity,700
365,1.1699408308068333,UEFClarity,700
366,0.07231582400952383,UEFClarity,700
367,2.2495501457540485,UEFClarity,700
368,0.39399768129668955,UEFClarity,700
369,0.6258112196359684,UEFClarity,700
370,0.945294552777825,UEFClarity,700
371,1.552780493447175,UEFClarity,700
372,1.6325959850387841,UEFClarity,700
373,0.6044359071428261,UEFClarity,700
374,1.3451615144770384,UEFClarity,700
375,0.49440586498346095,UEFClarity,700
376,0.8712445842414452,UEFClarity,700
377,2.5691466762620685,UEFClarity,700
378,0.7514839700288842,UEFClarity,700
379,-0.28346662369719283,UEFClarity,700
380,0.5300047378019286,UEFClarity,700
381,0.5887636108907318,UEFClarity,700
382,1.0234199104322839,UEFClarity,700
383,0.7020981328438944,UEFClarity,700
384,0.8625146851869486,UEFClarity,700
385,1.3280714878124389,UEFClarity,700
386,1.1646237566285964,UEFClarity,700
387,1.0534163721214032,UEFClarity,700
388,0.6265948756871428,UEFClarity,700
389,0.3775051425812685,UEFClarity,700
390,0.6770115657268662,UEFClarity,700
391,1.363234389326545,UEFClarity,700
392,-0.0034613301306179603,UEFClarity,700
393,0.230403784846524,UEFClarity,700
394,0.8334112089367057,UEFClarity,700
395,1.1214890049594741,UEFClarity,700
396,0.6179112689907794,UEFClarity,700
397,0.11580279374035758,UEFClarity,700
398,0.30814191972237215,UEFClarity,700
399,0.6696228090549365,UEFClarity,700
400,1.45647911989429,UEFClarity,700
401,0.5821467575637547,UEFClarity,700
402,1.4872090324693317,UEFClarity,700
403,1.0673514210383948,UEFClarity,700
404,1.7719054426784557,UEFClarity,700
405,1.24527053289402,UEFClarity,700
406,0.790994958400132,UEFClarity,700
407,0.2195519670150389,UEFClarity,700
408,1.1187856214789123,UEFClarity,700
409,0.07465853694393863,UEFClarity,700
410,0.42060793045745415,UEFClarity,700
411,0.8616114364079437,UEFClarity,700
412,0.6454653885403586,UEFClarity,700
413,0.9082401844895315,UEFClarity,700
414,1.3923875761856528,UEFClarity,700
415,0.6030212615610269,UEFClarity,700
416,0.23459509283390184,UEFClarity,700
417,-1.2926043270273473,UEFClarity,700
418,0.11614369511292988,UEFClarity,700
419,0.9021926185622834,UEFClarity,700
420,0.13915219401291223,UEFClarity,700
421,0.9303119448286933,UEFClarity,700
422,0.42377699939136404,UEFClarity,700
423,0.9228930196767878,UEFClarity,700
424,1.3890275929738738,UEFClarity,700
425,0.6428551148058753,UEFClarity,700
426,0.6398350573209082,UEFClarity,700
427,1.231612021081915,UEFClarity,700
428,1.0162299061567022,UEFClarity,700
429,0.7757995489809377,UEFClarity,700
430,0.4116875315196649,UEFClarity,700
431,0.686357557560642,UEFClarity,700
432,0.5638999167607693,UEFClarity,700
433,0.7747104444153374,UEFClarity,700
434,1.0901719668086522,UEFClarity,700
435,0.8063107301299819,UEFClarity,700
436,0.9540660246779127,UEFClarity,700
437,0.4183304298330451,UEFClarity,700
438,1.6705547523755508,UEFClarity,700
439,0.5245436014083337,UEFClarity,700
440,0.7012163545090841,UEFClarity,700
441,0.6017772739445265,UEFClarity,700
442,0.19081728392910946,UEFClarity,700
443,0.6539797876469904,UEFClarity,700
444,0.665761174679093,UEFClarity,700
445,1.1394925587406435,UEFClarity,700
446,1.4607989240328143,UEFClarity,700
447,0.5124336700104756,UEFClarity,700
448,0.991635943781586,UEFClarity,700
449,0.5442669874823087,UEFClarity,700
450,1.2436599684369611,UEFClarity,700
601,1.4115809773762438,UEFClarity,700
602,1.4307223823982458,UEFClarity,700
603,2.276165894398265,UEFClarity,700
604,0.8908578949301406,UEFClarity,700
605,1.4147589442905326,UEFClarity,700
606,0.13487624189616407,UEFClarity,700
607,1.3365939468111794,UEFClarity,700
608,0.4721024233069205,UEFClarity,700
609,1.3927187462578094,UEFClarity,700
610,0.7201091592943053,UEFClarity,700
611,1.7126075654846553,UEFClarity,700
612,1.6022329776843973,UEFClarity,700
613,0.6303307298051285,UEFClarity,700
614,-0.45880661034346604,UEFClarity,700
615,0.21624528878184618,UEFClarity,700
616,1.3111805576314453,UEFClarity,700
617,1.6068575337344193,UEFClarity,700
618,1.5374130300266582,UEFClarity,700
619,0.7186548187480367,UEFClarity,700
620,0.8564407814022605,UEFClarity,700
621,1.7363852996400688,UEFClarity,700
622,-0.20770995407604256,UEFClarity,700
623,0.9492391367627443,UEFClarity,700
624,0.7465783243554565,UEFClarity,700
625,0.8396340805967611,UEFClarity,700
626,0.796035300241757,UEFClarity,700
627,0.5167428996829686,UEFClarity,700
628,2.400180548170057,UEFClarity,700
629,1.2540474969350126,UEFClarity,700
630,1.052290143459512,UEFClarity,700
631,0.8900293751026116,UEFClarity,700
632,0.6599295847477535,UEFClarity,700
633,1.3439090201606332,UEFClarity,700
634,0.8466632325026544,UEFClarity,700
635,0.42816475467586135,UEFClarity,700
636,-0.07362490805517997,UEFClarity,700
637,0.4183142123379231,UEFClarity,700
638,0.5751459149245041,UEFClarity,700
639,1.061439271005957,UEFClarity,700
640,0.5617689404048616,UEFClarity,700
641,0.24444052931134228,UEFClarity,700
642,1.8039441605579158,UEFClarity,700
643,1.1171070280246338,UEFClarity,700
644,1.4439875333433543,UEFClarity,700
645,1.2998481228398835,UEFClarity,700
646,0.5586727872385235,UEFClarity,700
647,0.54787206072203,UEFClarity,700
648,0.5386485706562519,UEFClarity,700
649,0.7288940064482008,UEFClarity,700
650,0.5982904329382023,UEFClarity,700
651,0.6461854491471191,UEFClarity,700
652,0.9014477534816461,UEFClarity,700
653,0.8158118663899759,UEFClarity,700
654,0.20848281058527374,UEFClarity,700
655,-0.09393638653983223,UEFClarity,700
656,0.7423301388551384,UEFClarity,700
657,0.3401138732126639,UEFClarity,700
658,0.6992919566750919,UEFClarity,700
659,0.7575683233410171,UEFClarity,700
660,1.0540439656071532,UEFClarity,700
661,1.4221365965171258,UEFClarity,700
662,0.422040100250197,UEFClarity,700
663,0.8273467111478466,UEFClarity,700
664,1.086141341530682,UEFClarity,700
665,0.9697729184807857,UEFClarity,700
666,1.2073792285737512,UEFClarity,700
667,0.6283389480480953,UEFClarity,700
668,0.5628569791918906,UEFClarity,700
669,1.6241743041599603,UEFClarity,700
670,0.5724358729910752,UEFClarity,700
671,-0.29084493200616635,UEFClarity,700
672,-0.19589362844512273,UEFClarity,700
673,1.5161679788037978,UEFClarity,700
674,0.6333178593341334,UEFClarity,700
675,1.3672532478409853,UEFClarity,700
676,0.5724140899846705,UEFClarity,700
677,0.19644567078788172,UEFClarity,700
678,1.320656951335868,UEFClarity,700
679,0.9531613441039933,UEFClarity,700
680,1.25624683429838,UEFClarity,700
681,0.5972684879756502,UEFClarity,700
682,0.7808298340955816,UEFClarity,700
683,1.6786788057926136,UEFClarity,700
684,0.44268401982209266,UEFClarity,700
685,1.7378840424895243,UEFClarity,700
686,0.07435913806999474,UEFClarity,700
687,1.2263849504613602,UEFClarity,700
688,0.49431903556618983,UEFClarity,700
689,0.7599215478208543,UEFClarity,700
690,0.7865155708562672,UEFClarity,700
691,1.1276630100948564,UEFClarity,700
692,1.2246850604110575,UEFClarity,700
693,0.9156494127730053,UEFClarity,700
694,0.914650178921718,UEFClarity,700
695,0.6239141762157965,UEFClarity,700
696,-0.03468669763818453,UEFClarity,700
697,-0.17892812705770927,UEFClarity,700
698,0.7762947938590641,UEFClarity,700
699,0.8360472216679634,UEFClarity,700
700,-0.4796030242326106,UEFClarity,700
301,1.1812272608061358,UEFClarity,800
302,0.7778195506678764,UEFClarity,800
303,1.5573267491661094,UEFClarity,800
304,0.2881178913222404,UEFClarity,800
305,0.6616499439885184,UEFClarity,800
306,1.0754936604237897,UEFClarity,800
307,1.3599384528478866,UEFClarity,800
308,1.1760923790634592,UEFClarity,800
309,0.2969471898351737,UEFClarity,800
310,0.719439730865216,UEFClarity,800
311,1.1466338727012637,UEFClarity,800
312,0.6198552589819799,UEFClarity,800
313,1.3765856438963608,UEFClarity,800
314,0.16937930767419465,UEFClarity,800
315,0.8749497939380265,UEFClarity,800
316,0.7504094589795872,UEFClarity,800
317,0.02663343972561971,UEFClarity,800
318,1.2893864270707696,UEFClarity,800
319,0.767736044937549,UEFClarity,800
320,1.5000534575079185,UEFClarity,800
321,0.5638727646276565,UEFClarity,800
322,0.685110423303409,UEFClarity,800
323,0.7473059732496127,UEFClarity,800
324,2.419941145463841,UEFClarity,800
325,0.6204384601488605,UEFClarity,800
326,1.0250797878451334,UEFClarity,800
327,0.4780307541625991,UEFClarity,800
328,1.8528191409199322,UEFClarity,800
329,0.5712869481666646,UEFClarity,800
330,0.747143228151447,UEFClarity,800
331,0.08470724689907705,UEFClarity,800
332,0.49790040853434975,UEFClarity,800
333,0.608284226201668,UEFClarity,800
334,0.7360103741254744,UEFClarity,800
335,1.268477092209461,UEFClarity,800
336,-0.09446809123783523,UEFClarity,800
337,0.08260634748161612,UEFClarity,800
338,0.605919441545292,UEFClarity,800
339,0.8748448318452728,UEFClarity,800
340,0.9638449583390785,UEFClarity,800
341,0.6125714246516226,UEFClarity,800
342,1.1171795800713027,UEFClarity,800
343,0.4581763354960316,UEFClarity,800
344,1.1651554211567388,UEFClarity,800
345,2.0968512043845657,UEFClarity,800
346,0.7720877199914961,UEFClarity,800
347,0.27218327549380555,UEFClarity,800
348,0.6729998097472303,UEFClarity,800
349,1.1759103833133715,UEFClarity,800
350,0.6939605174011327,UEFClarity,800
351,1.2287769498399819,UEFClarity,800
352,0.5521555584239932,UEFClarity,800
353,1.0081990555904368,UEFClarity,800
354,1.1229526776055696,UEFClarity,800
355,0.4291383590297004,UEFClarity,800
356,0.9131688205662439,UEFClarity,800
357,0.33755062568860894,UEFClarity,800
358,0.4683495859277554,UEFClarity,800
359,0.8468548714334735,UEFClarity,800
360,0.4402218476993792,UEFClarity,800
361,0.5496503318555769,UEFClarity,800
362,0.5111433615696189,UEFClarity,800
363,1.8229516324143749,UEFClarity,800
364,0.9009186612258728,UEFClarity,800
365,1.252870634154132,UEFClarity,800
366,0.12108881857643466,UEFClarity,800
367,2.0505820385576907,UEFClarity,800
368,0.49596927509393757,UEFClarity,800
369,0.6261423419925141,UEFClarity,800
370,0.8926465900774637,UEFClarity,800
371,1.588924333469542,UEFClarity,800
372,1.5253968347646625,UEFClarity,800
373,0.5464813724329541,UEFClarity,800
374,1.3041430764562592,UEFClarity,800
375,0.515066987270267,UEFClarity,800
376,0.7891699768474653,UEFClarity,800
377,2.454065177646022,UEFClarity,800
378,0.7487776678654072,UEFClarity,800
379,-0.316311934620984,UEFClarity,800
380,0.5591489809998361,UEFClarity,800
381,0.6194905375479403,UEFClarity,800
382,1.0314937577590413,UEFClarity,800
383,0.6283357988992899,UEFClarity,800
384,0.9817573925387082,UEFClarity,800
385,1.3033928164463526,UEFClarity,800
386,1.1059193774621952,UEFClarity,800
387,1.0751639044790273,UEFClarity,800
388,0.5934095805931584,UEFClarity,800
389,0.36697487796294953,UEFClarity,800
390,0.6752729864990858,UEFClarity,800
391,1.3211812181607683,UEFClarity,800
392,-0.09629970902391394,UEFClarity,800
393,0.24015575029628758,UEFClarity,800
394,0.8944684812969121,UEFClarity,800
395,1.1264511769675989,UEFClarity,800
396,0.5250372065699949,UEFClarity,800
397,0.13453760902137257,UEFClarity,800
398,0.3346763924301219,UEFClarity,800
399,0.6002419656372321,UEFClarity,800
400,1.451383444569291,UEFClarity,800
401,0.5849119864616389,UEFClarity,800
402,1.2664870510294222,UEFClarity,800
403,1.0233098113755221,UEFClarity,800
404,1.9595790473722132,UEFClarity,800
405,1.2570698538983989,UEFClarity,800
406,0.7805554415845217,UEFClarity,800
407,0.31016056825030114,UEFClarity,800
408,1.140720612355915,UEFClarity,800
409,0.09087648499891329,UEFClarity,800
410,0.37715142843100213,UEFClarity,800
411,0.8376036068755784,UEFClarity,800
412,0.6125714246516226,UEFClarity,800
413,0.9342268996933877,UEFClarity,800
414,1.440290182345588,UEFClarity,800
415,0.6336780762335613,UEFClarity,800
416,0.23117004522208012,UEFClarity,800
417,-1.2114637862333812,UEFClarity,800
418,0.0912291461645272,UEFClarity,800
419,0.9822720621208108,UEFClarity,800
420,0.139627692664836,UEFClarity,800
421,0.999346573388931,UEFClarity,800
422,0.47379339334482384,UEFClarity,800
423,0.9814110917685396,UEFClarity,800
424,1.197700904082745,UEFClarity,800
425,0.6134264323812273,UEFClarity,800
426,0.6914295818108898,UEFClarity,800
427,1.1281921085562918,UEFClarity,800
428,0.9387113400259897,UEFClarity,800
429,0.8300722477902835,UEFClarity,800
430,0.31467414506419306,UEFClarity,800
431,0.7053044493319602,UEFClarity,800
432,0.5984360865055846,UEFClarity,800
433,0.6578145361051466,UEFClarity,800
434,0.8099085157820325,UEFClarity,800
435,0.6833314441611872,UEFClarity,800
436,0.9517007184212023,UEFClarity,800
437,0.36051446555682554,UEFClarity,800
438,1.6976700871706178,UEFClarity,800
439,0.5514976989534273,UEFClarity,800
440,0.6060140267450522,UEFClarity,800
441,0.5894048715143019,UEFClarity,800
442,0.22137025423703174,UEFClarity,800
443,0.5889698356638459,UEFClarity,800
444,0.6128890032767959,UEFClarity,800
445,1.0140529333995298,UEFClarity,800
446,1.256493956316768,UEFClarity,800
447,0.47423621107987163,UEFClarity,800
448,1.0651720345909002,UEFClarity,800
449,0.6292408029730996,UEFClarity,800
450,1.0904949170794689,UEFClarity,800
601,1.4576709406942014,UEFClarity,800
602,1.4748826216689457,UEFClarity,800
603,2.4470092568754307,UEFClarity,800
604,0.8450540524621938,UEFClarity,800
605,1.4567636405334108,UEFClarity,800
606,0.10895525709948722,UEFClarity,800
607,1.2693969881179903,UEFClarity,800
608,0.4858062434861408,UEFClarity,800
609,1.371678489689566,UEFClarity,800
610,0.7369175965824356,UEFClarity,800
611,1.822231707745778,UEFClarity,800
612,1.6961680106862511,UEFClarity,800
613,0.7537432228428598,UEFClarity,800
614,-0.5471451255074982,UEFClarity,800
615,0.4105546095998166,UEFClarity,800
616,1.304761200790785,UEFClarity,800
617,1.6010706781406694,UEFClarity,800
618,1.4188480199365405,UEFClarity,800
619,0.8280317930988348,UEFClarity,800
620,0.7189240067326367,UEFClarity,800
621,1.675094403389051,UEFClarity,800
622,-0.2635009427488214,UEFClarity,800
623,1.007819718269676,UEFClarity,800
624,0.7565035167483796,UEFClarity,800
625,0.7812524650320367,UEFClarity,800
626,0.552575520115397,UEFClarity,800
627,0.5103760885688784,UEFClarity,800
628,2.4290915563943374,UEFClarity,800
629,1.4828961040179374,UEFClarity,800
630,1.1246719403503493,UEFClarity,800
631,1.0121842115558712,UEFClarity,800
632,0.7177894149124575,UEFClarity,800
633,1.3563825916462107,UEFClarity,800
634,0.7960908061777854,UEFClarity,800
635,0.41392971455265243,UEFClarity,800
636,-6.303452928398877e-05,UEFClarity,800
637,0.3133060978883256,UEFClarity,800
638,0.6240881104923656,UEFClarity,800
639,1.1493428856276153,UEFClarity,800
640,0.4720435552667661,UEFClarity,800
641,0.3846613545739526,UEFClarity,800
642,1.7729739885403155,UEFClarity,800
643,1.0220548393804607,UEFClarity,800
644,1.3775835441729756,UEFClarity,800
645,1.2250516397811346,UEFClarity,800
646,0.5070703547064099,UEFClarity,800
647,0.5220511291710539,UEFClarity,800
648,0.5132531076327741,UEFClarity,800
649,0.6335144723322922,UEFClarity,800
650,0.5008118673103207,UEFClarity,800
651,0.7230496634360903,UEFClarity,800
652,0.8817157255883635,UEFClarity,800
653,0.7734548326582316,UEFClarity,800
654,0.23009727854851378,UEFClarity,800
655,-0.11336841753409381,UEFClarity,800
656,0.7206807120110007,UEFClarity,800
657,0.35844314049448595,UEFClarity,800
658,0.8333112464203752,UEFClarity,800
659,0.8152407395785246,UEFClarity,800
660,1.0133846543891676,UEFClarity,800
661,1.4601384328319316,UEFClarity,800
662,0.47779463763481844,UEFClarity,800
663,0.7960619359849116,UEFClarity,800
664,1.1064815037934914,UEFClarity,800
665,0.9775882965547961,UEFClarity,800
666,1.096654291752095,UEFClarity,800
667,0.6288404590769493,UEFClarity,800
668,0.5737127878205036,UEFClarity,800
669,1.657566727395091,UEFClarity,800
670,0.541027299299947,UEFClarity,800
671,-0.22663421026882938,UEFClarity,800
672,-0.15619503701127185,UEFClarity,800
673,1.4320230780533514,UEFClarity,800
674,0.6063351276831684,UEFClarity,800
675,1.365585083416398,UEFClarity,800
676,0.5293162074525253,UEFClarity,800
677,0.23293859341700435,UEFClarity,800
678,1.3118672900197634,UEFClarity,800
679,0.9003857008142829,UEFClarity,800
680,1.2484939951007534,UEFClarity,800
681,0.608116972386449,UEFClarity,800
682,0.853729142057734,UEFClarity,800
683,1.5813520457210373,UEFClarity,800
684,0.41982095618505477,UEFClarity,800
685,1.729855061113806,UEFClarity,800
686,-0.08985514478143014,UEFClarity,800
687,1.209293819115074,UEFClarity,800
688,0.5536696877868007,UEFClarity,800
689,0.7394081480048632,UEFClarity,800
690,0.8278182166834326,UEFClarity,800
691,1.0918270902273488,UEFClarity,800
692,1.1623769621788453,UEFClarity,800
693,0.9549272545859121,UEFClarity,800
694,0.9702507459812294,UEFClarity,800
695,0.6459364112776339,UEFClarity,800
696,-0.009550158986160453,UEFClarity,800
697,-0.19465323084533198,UEFClarity,800
698,0.6798872500344344,UEFClarity,800
699,0.8006137557611318,UEFClarity,800
700,-0.5695951456873268,UEFClarity,800
301,1.1818257204074714,UEFClarity,900
302,0.8165525895873227,UEFClarity,900
303,1.49221441266426,UEFClarity,900
304,0.4555423680383098,UEFClarity,900
305,0.7286515101330141,UEFClarity,900
306,0.9730155212721605,UEFClarity,900
307,1.3636382628780077,UEFClarity,900
308,1.4209256535050863,UEFClarity,900
309,0.23377288009977987,UEFClarity,900
310,0.5734810114596169,UEFClarity,900
311,1.1471443486122352,UEFClarity,900
312,0.601963817040945,UEFClarity,900
313,1.2105242407835817,UEFClarity,900
314,0.1735066355665647,UEFClarity,900
315,0.8881281985394575,UEFClarity,900
316,0.688464936020043,UEFClarity,900
317,-0.006175938383043205,UEFClarity,900
318,1.328110972989591,UEFClarity,900
319,0.8581298718415544,UEFClarity,900
320,1.4746178617955743,UEFClarity,900
321,0.580934633076076,UEFClarity,900
322,0.7209581178582535,UEFClarity,900
323,0.7346947457470825,UEFClarity,900
324,2.365946753350947,UEFClarity,900
325,0.6693673378611521,UEFClarity,900
326,1.0319554328310634,UEFClarity,900
327,0.4546641188888524,UEFClarity,900
328,1.888896556155247,UEFClarity,900
329,0.5547202019080313,UEFClarity,900
330,0.7344623010559093,UEFClarity,900
331,0.05294014808298859,UEFClarity,900
332,0.5025692335916087,UEFClarity,900
333,0.6686248189461909,UEFClarity,900
334,0.8192439526257776,UEFClarity,900
335,1.2110921901854428,UEFClarity,900
336,-0.24869303579846416,UEFClarity,900
337,0.21661906212403778,UEFClarity,900
338,0.5910122250006736,UEFClarity,900
339,0.7860702116528085,UEFClarity,900
340,0.9399114912829009,UEFClarity,900
341,0.6188906418063495,UEFClarity,900
342,1.059050973719789,UEFClarity,900
343,0.4736935748762335,UEFClarity,900
344,1.1997519055102412,UEFClarity,900
345,2.1739331945450524,UEFClarity,900
346,0.8221834083841157,UEFClarity,900
347,0.29161105733137166,UEFClarity,900
348,0.6981070067527142,UEFClarity,900
349,1.043233063186729,UEFClarity,900
350,0.6718732109466937,UEFClarity,900
351,1.175200127989211,UEFClarity,900
352,0.5528616351098099,UEFClarity,900
353,0.9128614741929698,UEFClarity,900
354,1.0028630818022102,UEFClarity,900
355,0.4780944126337314,UEFClarity,900
356,0.8877995788757889,UEFClarity,900
357,0.2746423286719631,UEFClarity,900
358,0.4515893767731681,UEFClarity,900
359,0.8517455068615756,UEFClarity,900
360,0.507296749819356,UEFClarity,900
361,0.5388256090463318,UEFClarity,900
362,0.5155421348050233,UEFClarity,900
363,1.7522233187202507,UEFClarity,900
364,0.7762360131830609,UEFClarity,900
365,1.2466083947505557,UEFClarity,900
366,0.1570453781180304,UEFClarity,900
367,1.8925122928422708,UEFClarity,900
368,0.5325303669293006,UEFClarity,900
369,0.6770568242364102,UEFClarity,900
370,0.8865071150929691,UEFClarity,900
371,1.6596971179375835,UEFClarity,900
372,1.4270871086472736,UEFClarity,900
373,0.6473316029822733,UEFClarity,900
374,1.2073617420382645,UEFClarity,900
375,0.5447623890638228,UEFClarity,900
376,0.8338498720160922,UEFClarity,900
377,2.3546707848014403,UEFClarity,900
378,0.6520519191752403,UEFClarity,900
379,-0.4048935793415909,UEFClarity,900
380,0.6369083638630076,UEFClarity,900
381,0.5872150778580573,UEFClarity,900
382,1.016748641110083,UEFClarity,900
383,0.5988867316207163,UEFClarity,900
384,1.061087155208925,UEFClarity,900
385,1.3226997091459283,UEFClarity,900
386,1.0918507345688206,UEFClarity,900
387,1.1378740074045932,UEFClarity,900
388,0.5133451390033508,UEFClarity,900
389,0.37987226078744624,UEFClarity,900
390,0.6301348852622218,UEFClarity,900
391,1.368506621053426,UEFClarity,900
392,-0.20513799040694153,UEFClarity,900
393,0.2731296287391492,UEFClarity,900
394,0.8831464527651108,UEFClarity,900
395,1.2271763434706322,UEFClarity,900
396,0.45395351353320257,UEFClarity,900
397,0.12550786010690634,UEFClarity,900
398,0.372180925695938,UEFClarity,900
399,0.5305264623976162,UEFClarity,900
400,1.3443248655256081,UEFClarity,900
401,0.5985852685557403,UEFClarity,900
402,1.0252902372441235,UEFClarity,900
403,1.0230453553317334,UEFClarity,900
404,2.17412045146033,UEFClarity,900
405,1.3935625906547076,UEFClarity,900
406,0.8258874477199637,UEFClarity,900
407,0.33608681016375297,UEFClarity,900
408,1.17281059330702,UEFClarity,900
409,0.06278300219038917,UEFClarity,900
410,0.4546247635010747,UEFClarity,900
411,0.8089970202021278,UEFClarity,900
412,0.6188906418063495,UEFClarity,900
413,0.9840989884556374,UEFClarity,900
414,1.4571552021895888,UEFClarity,900
415,0.5633009506902174,UEFClarity,900
416,0.2720707358812857,UEFClarity,900
417,-1.126623108085223,UEFClarity,900
418,0.0936617843833138,UEFClarity,900
419,0.9031271318939216,UEFClarity,900
420,0.2201115115781454,UEFClarity,900
421,0.9750658783380415,UEFClarity,900
422,0.562269064326182,UEFClarity,900
423,0.8810812900917603,UEFClarity,900
424,1.099169306308773,UEFClarity,900
425,0.5855608703727401,UEFClarity,900
426,0.7174617028529284,UEFClarity,900
427,1.1346851504414404,UEFClarity,900
428,0.8590515968441275,UEFClarity,900
429,0.95393041651148,UEFClarity,900
430,0.2674892006056633,UEFClarity,900
431,0.6888745855341233,UEFClarity,900
432,0.6144486808131188,UEFClarity,900
433,0.6475186765573572,UEFClarity,900
434,0.7901136033931856,UEFClarity,900
435,0.6684259500848861,UEFClarity,900
436,0.9084861921378982,UEFClarity,900
437,0.3315317285174131,UEFClarity,900
438,1.691237462003408,UEFClarity,900
439,0.6290130269295102,UEFClarity,900
440,0.6619973109610231,UEFClarity,900
441,0.5924560710565724,UEFClarity,900
442,0.7106823381451608,UEFClarity,900
443,0.6158613416130653,UEFClarity,900
444,0.5140466544102461,UEFClarity,900
445,1.081658500586659,UEFClarity,900
446,1.2434121265587457,UEFClarity,900
447,0.3911635600835319,UEFClarity,900
448,1.107610341174161,UEFClarity,900
449,0.6786704792626458,UEFClarity,900
450,1.0665822660724669,UEFClarity,900
601,1.4521939507563901,UEFClarity,900
602,1.4137039142396237,UEFClarity,900
603,2.5132487637320073,UEFClarity,900
604,0.8705653480977141,UEFClarity,900
605,1.5368800989455156,UEFClarity,900
606,0.06147381124720146,UEFClarity,900
607,1.297717713071278,UEFClarity,900
608,0.4581224873782852,UEFClarity,900
609,1.3567583752550318,UEFClarity,900
610,0.6600278923247506,UEFClarity,900
611,1.8634223302258657,UEFClarity,900
612,1.6124046312422882,UEFClarity,900
613,0.768249809827801,UEFClarity,900
614,-0.4464078299357561,UEFClarity,900
615,0.6108220525335405,UEFClarity,900
616,1.194335846411927,UEFClarity,900
617,1.6141606880747068,UEFClarity,900
618,1.3338420389869408,UEFClarity,900
619,1.1598665998717874,UEFClarity,900
620,0.6747546393356134,UEFClarity,900
621,1.5461767180858985,UEFClarity,900
622,-0.21820140482432243,UEFClarity,900
623,0.7946219599902373,UEFClarity,900
624,0.7373573914726584,UEFClarity,900
625,0.7131484233353457,UEFClarity,900
626,0.349677276602098,UEFClarity,900
627,0.5562935378130232,UEFClarity,900
628,2.412290589593336,UEFClarity,900
629,1.594502157656309,UEFClarity,900
630,1.234562600891296,UEFClarity,900
631,0.9613931659659971,UEFClarity,900
632,0.7410478269509787,UEFClarity,900
633,1.2095884412307822,UEFClarity,900
634,0.7681104073156474,UEFClarity,900
635,0.38980133256751587,UEFClarity,900
636,0.04405081282120577,UEFClarity,900
637,0.2951137373723479,UEFClarity,900
638,0.5818604119847317,UEFClarity,900
639,1.1762046118762108,UEFClarity,900
640,0.4757037029197809,UEFClarity,900
641,0.5103882129802992,UEFClarity,900
642,1.7869103545061076,UEFClarity,900
643,1.0045612631076242,UEFClarity,900
644,1.3789181790063798,UEFClarity,900
645,1.1873617069066085,UEFClarity,900
646,0.5224608339792954,UEFClarity,900
647,0.526362672352819,UEFClarity,900
648,0.545841814900942,UEFClarity,900
649,0.639644253289377,UEFClarity,900
650,0.5326404817784355,UEFClarity,900
651,0.775078525767451,UEFClarity,900
652,0.8168882767529265,UEFClarity,900
653,0.7416812404823654,UEFClarity,900
654,0.272751883687461,UEFClarity,900
655,-0.1363208935175828,UEFClarity,900
656,0.5801294791717488,UEFClarity,900
657,0.444733013281823,UEFClarity,900
658,0.8918649470407078,UEFClarity,900
659,0.8770835837192681,UEFClarity,900
660,0.9179004398528475,UEFClarity,900
661,1.4816903396894114,UEFClarity,900
662,0.46628793252782996,UEFClarity,900
663,0.7723836879474051,UEFClarity,900
664,0.9477908208032354,UEFClarity,900
665,0.9537446012390657,UEFClarity,900
666,0.9937178652150693,UEFClarity,900
667,0.6332508338667778,UEFClarity,900
668,0.5776573357084867,UEFClarity,900
669,1.7038139987914473,UEFClarity,900
670,0.5910182340227722,UEFClarity,900
671,-0.18898862159492827,UEFClarity,900
672,-0.1724849037663986,UEFClarity,900
673,1.408056727086367,UEFClarity,900
674,0.5319229743610239,UEFClarity,900
675,1.2617091096000927,UEFClarity,900
676,0.5206279195884121,UEFClarity,900
677,0.27427793597552325,UEFClarity,900
678,1.2434957263380906,UEFClarity,900
679,0.8630283777115834,UEFClarity,900
680,1.2737784321912997,UEFClarity,900
681,0.5588087026404995,UEFClarity,900
682,0.8391104720535241,UEFClarity,900
683,1.584637781060767,UEFClarity,900
684,0.3497476602315354,UEFClarity,900
685,1.7019806186672157,UEFClarity,900
686,-0.10147507001900408,UEFClarity,900
687,1.1338980872649742,UEFClarity,900
688,0.6210028809519127,UEFClarity,900
689,0.7075500275520191,UEFClarity,900
690,0.8462834845702117,UEFClarity,900
691,1.1710331110505978,UEFClarity,900
692,1.1615827223106998,UEFClarity,900
693,0.9281081956519642,UEFClarity,900
694,0.9872443429853519,UEFClarity,900
695,0.56701416453821,UEFClarity,900
696,-0.011509902528241729,UEFClarity,900
697,-0.10743730766116145,UEFClarity,900
698,0.7203881737527306,UEFClarity,900
699,0.6986178109959795,UEFClarity,900
700,-0.5865661503973375,UEFClarity,900
301,1.1643385768003987,UEFClarity,1000
302,0.8375789521530749,UEFClarity,1000
303,1.5285718093829987,UEFClarity,1000
304,0.566711608845628,UEFClarity,1000
305,0.7153148869867662,UEFClarity,1000
306,0.9436717247628701,UEFClarity,1000
307,1.347743460349965,UEFClarity,1000
308,1.5315797120671097,UEFClarity,1000
309,0.28064687726080867,UEFClarity,1000
310,0.5804549018572839,UEFClarity,1000
311,1.2294844662951898,UEFClarity,1000
312,0.6066364526108524,UEFClarity,1000
313,1.1138993149602767,UEFClarity,1000
314,0.18595102779468528,UEFClarity,1000
315,0.9050639640621886,UEFClarity,1000
316,0.6748557044391958,UEFClarity,1000
317,-0.03232703646591951,UEFClarity,1000
318,1.3426819589194283,UEFClarity,1000
319,0.9041451338271871,UEFClarity,1000
320,1.4789295185310638,UEFClarity,1000
321,0.5911402577321273,UEFClarity,1000
322,0.7442302372889269,UEFClarity,1000
323,0.7910660231768523,UEFClarity,1000
324,2.282603154690596,UEFClarity,1000
325,0.6223559733920767,UEFClarity,1000
326,0.9031305604944913,UEFClarity,1000
327,0.45031293347994067,UEFClarity,1000
328,1.918991183609688,UEFClarity,1000
329,0.5751217582774835,UEFClarity,1000
330,0.6383695675351465,UEFClarity,1000
331,0.03296406987742454,UEFClarity,1000
332,0.5572122873124888,UEFClarity,1000
333,0.6621854817720167,UEFClarity,1000
334,0.8481031812268911,UEFClarity,1000
335,1.152982990189743,UEFClarity,1000
336,-0.2832836338777868,UEFClarity,1000
337,0.4378001293440815,UEFClarity,1000
338,0.6032701385374906,UEFClarity,1000
339,0.7401665512028565,UEFClarity,1000
340,1.0012367406272527,UEFClarity,1000
341,0.6096131460695045,UEFClarity,1000
342,1.0133573105038203,UEFClarity,1000
343,0.5810436563407833,UEFClarity,1000
344,1.2367272072433606,UEFClarity,1000
345,2.2185916898303746,UEFClarity,1000
346,0.8145059681161017,UEFClarity,1000
347,0.40435202878038445,UEFClarity,1000
348,0.7250884748567235,UEFClarity,1000
349,0.9251792679412416,UEFClarity,1000
350,0.6604846911389266,UEFClarity,1000
351,1.1416767355965818,UEFClarity,1000
352,0.5550576414606798,UEFClarity,1000
353,0.8168331503064398,UEFClarity,1000
354,1.0073786898471682,UEFClarity,1000
355,0.5293659098144223,UEFClarity,1000
356,0.9090612433656056,UEFClarity,1000
357,0.24769153253007997,UEFClarity,1000
358,0.470784241994219,UEFClarity,1000
359,0.8438054819394304,UEFClarity,1000
360,0.5737343456616469,UEFClarity,1000
361,0.6010645073796692,UEFClarity,1000
362,0.48036280927811487,UEFClarity,1000
363,1.7811817793674194,UEFClarity,1000
364,0.759784915866873,UEFClarity,1000
365,1.2777239524490827,UEFClarity,1000
366,0.1805108106620551,UEFClarity,1000
367,1.7789848870967784,UEFClarity,1000
368,0.5130536139695505,UEFClarity,1000
369,0.6251605857139994,UEFClarity,1000
370,0.7706414898017179,UEFClarity,1000
371,1.6367781815718014,UEFClarity,1000
372,1.3506789403327883,UEFClarity,1000
373,0.6088145681102475,UEFClarity,1000
374,1.177887068176064,UEFClarity,1000
375,0.5803056272725527,UEFClarity,1000
376,0.900503664743278,UEFClarity,1000
377,2.2783821448594748,UEFClarity,1000
378,0.594875197122236,UEFClarity,1000
379,-0.39253954216294046,UEFClarity,1000
380,0.6322705693097997,UEFClarity,1000
381,0.614298828923827,UEFClarity,1000
382,1.02028849124364,UEFClarity,1000
383,0.5535704194943347,UEFClarity,1000
384,1.1496474454637833,UEFClarity,1000
385,1.3260409530502961,UEFClarity,1000
386,1.1406468590174752,UEFClarity,1000
387,1.1631104016958835,UEFClarity,1000
388,0.507377401513991,UEFClarity,1000
389,0.4306425124575394,UEFClarity,1000
390,0.5572762527383213,UEFClarity,1000
391,1.4018598797322661,UEFClarity,1000
392,-0.17853088228021974,UEFClarity,1000
393,0.25529412448776895,UEFClarity,1000
394,0.8541702220834573,UEFClarity,1000
395,1.2431688916818484,UEFClarity,1000
396,0.49296453411097246,UEFClarity,1000
397,0.1841530152566948,UEFClarity,1000
398,0.38021139233982487,UEFClarity,1000
399,0.5739513717653419,UEFClarity,1000
400,1.2969298279295822,UEFClarity,1000
401,0.6202229670048256,UEFClarity,1000
402,0.895308154901971,UEFClarity,1000
403,1.012027535146222,UEFClarity,1000
404,2.2118801256590923,UEFClarity,1000
405,1.321010515135997,UEFClarity,1000
406,0.817985485939136,UEFClarity,1000
407,0.4034468191235032,UEFClarity,1000
408,1.198442427591815,UEFClarity,1000
409,0.04892146878562886,UEFClarity,1000
410,0.4923972963020067,UEFClarity,1000
411,0.8163837529738132,UEFClarity,1000
412,0.6096131460695045,UEFClarity,1000
413,1.040330255220037,UEFClarity,1000
414,1.4897511418550913,UEFClarity,1000
415,0.5667253832207366,UEFClarity,1000
416,0.29258254533409017,UEFClarity,1000
417,-1.0485887042895692,UEFClarity,1000
418,0.12178610298605133,UEFClarity,1000
419,0.8295119171347539,UEFClarity,1000
420,0.21315625536251445,UEFClarity,1000
421,0.9202814155518161,UEFClarity,1000
422,0.5778556646978283,UEFClarity,1000
423,0.8793647282912102,UEFClarity,1000
424,0.9352587616212552,UEFClarity,1000
425,0.6018279198199379,UEFClarity,1000
426,0.7128393914776552,UEFClarity,1000
427,1.0698962175088518,UEFClarity,1000
428,0.6790036131339765,UEFClarity,1000
429,0.8774067746555592,UEFClarity,1000
430,0.1314922859006625,UEFClarity,1000
431,0.7594966315967564,UEFClarity,1000
432,0.5749790112587905,UEFClarity,1000
433,0.5909240074766463,UEFClarity,1000
434,0.8351569849504089,UEFClarity,1000
435,0.5447434951096842,UEFClarity,1000
436,0.9697213391973455,UEFClarity,1000
437,0.2484055941194414,UEFClarity,1000
438,1.69029050487107,UEFClarity,1000
439,0.6449703065423951,UEFClarity,1000
440,0.6976787110302443,UEFClarity,1000
441,0.6585173993681156,UEFClarity,1000
442,0.6377269113066492,UEFClarity,1000
443,0.5948104043546653,UEFClarity,1000
444,0.45920957936409024,UEFClarity,1000
445,1.0245585042679564,UEFClarity,1000
446,1.2672413724276084,UEFClarity,1000
447,0.45249921119905995,UEFClarity,1000
448,1.1111374723340883,UEFClarity,1000
449,0.7322829732271376,UEFClarity,1000
450,1.1236963054472386,UEFClarity,1000
601,1.5118073072275762,UEFClarity,1000
602,1.4239766957693156,UEFClarity,1000
603,2.672574795771486,UEFClarity,1000
604,0.873374581026033,UEFClarity,1000
605,1.518845547095036,UEFClarity,1000
606,0.09475607845081722,UEFClarity,1000
607,1.2455429742775643,UEFClarity,1000
608,0.4315961972766533,UEFClarity,1000
609,1.3044398091115785,UEFClarity,1000
610,0.6661529177252096,UEFClarity,1000
611,1.842971314099608,UEFClarity,1000
612,1.6090165316024936,UEFClarity,1000
613,0.7736066563671044,UEFClarity,1000
614,-0.4054853277936495,UEFClarity,1000
615,0.707927807800173,UEFClarity,1000
616,1.275365906004367,UEFClarity,1000
617,1.692452201746459,UEFClarity,1000
618,1.2127697688169763,UEFClarity,1000
619,1.3061350078976957,UEFClarity,1000
620,0.6216558793602547,UEFClarity,1000
621,1.477360710522644,UEFClarity,1000
622,-0.1870496531399571,UEFClarity,1000
623,0.7691857843334275,UEFClarity,1000
624,0.7397623831252282,UEFClarity,1000
625,0.8032260055764212,UEFClarity,1000
626,0.2875025122312706,UEFClarity,1000
627,0.6085080482579202,UEFClarity,1000
628,2.3748512279141174,UEFClarity,1000
629,1.690445729060029,UEFClarity,1000
630,1.3534959598986316,UEFClarity,1000
631,1.0235827294383748,UEFClarity,1000
632,0.8315859876544713,UEFClarity,1000
633,1.1118376770680551,UEFClarity,1000
634,0.7438413725269589,UEFClarity,1000
635,0.4499263594342054,UEFClarity,1000
636,0.10704332710630214,UEFClarity,1000
637,0.2585603851614886,UEFClarity,1000
638,0.6408264958921503,UEFClarity,1000
639,1.2151841321022439,UEFClarity,1000
640,0.4731803841886903,UEFClarity,1000
641,0.6718688753656933,UEFClarity,1000
642,1.7905352160470762,UEFClarity,1000
643,0.986625486511368,UEFClarity,1000
644,1.409352031724542,UEFClarity,1000
645,1.202260954415665,UEFClarity,1000
646,0.543972546784572,UEFClarity,1000
647,0.6340519289464772,UEFClarity,1000
648,0.5077048133474094,UEFClarity,1000
649,0.5945439650974922,UEFClarity,1000
650,0.5189428949854752,UEFClarity,1000
651,0.7913280254948206,UEFClarity,1000
652,0.773483925329183,UEFClarity,1000
653,0.7445960911400915,UEFClarity,1000
654,0.32284118603588396,UEFClarity,1000
655,-0.038212532273769216,UEFClarity,1000
656,0.6006980795323166,UEFClarity,1000
657,0.46164371519167874,UEFClarity,1000
658,0.8832890770233955,UEFClarity,1000
659,0.9060545999392263,UEFClarity,1000
660,0.8969084215031664,UEFClarity,1000
661,1.518845309188867,UEFClarity,1000
662,0.4780451719652122,UEFClarity,1000
663,0.7189022353451489,UEFClarity,1000
664,0.8757366230310699,UEFClarity,1000
665,0.9376898381573401,UEFClarity,1000
666,0.9670999874419419,UEFClarity,1000
667,0.5606632888299924,UEFClarity,1000
668,0.5937086981411737,UEFClarity,1000
669,1.7004220955330698,UEFClarity,1000
670,0.5754798754013177,UEFClarity,1000
671,-0.1404330626946791,UEFClarity,1000
672,-0.11925637500025214,UEFClarity,1000
673,1.247568274224252,UEFClarity,1000
674,0.3648920750311006,UEFClarity,1000
675,1.2478484075388134,UEFClarity,1000
676,0.6253520173844966,UEFClarity,1000
677,0.32110017746539077,UEFClarity,1000
678,1.20486334145734,UEFClarity,1000
679,0.8310938355705626,UEFClarity,1000
680,1.2511278528122072,UEFClarity,1000
681,0.48882743676146473,UEFClarity,1000
682,0.8982258342356514,UEFClarity,1000
683,1.5561936555441285,UEFClarity,1000
684,0.3576968366989327,UEFClarity,1000
685,1.6445437560126246,UEFClarity,1000
686,-0.17840068602677958,UEFClarity,1000
687,1.1607260906809629,UEFClarity,1000
688,0.6389199317315133,UEFClarity,1000
689,0.675226953665044,UEFClarity,1000
690,0.8819971306863872,UEFClarity,1000
691,1.2253676572782413,UEFClarity,1000
692,1.1106134932960512,UEFClarity,1000
693,0.9079525457048185,UEFClarity,1000
694,0.977968134306875,UEFClarity,1000
695,0.5431947968299666,UEFClarity,1000
696,-0.06253678380026426,UEFClarity,1000
697,-0.0725876801278582,UEFClarity,1000
698,0.6871933031767432,UEFClarity,1000
699,0.6174016607108648,UEFClarity,1000
700,-0.537834908565395,UEFClarity,1000
